
 [Entering function Reading_MacKenzie_Generic_Matrix_nFactors_from_File(...)]
 Reading File Alg_MacKenzie.dat...
End of Line: 10	 Tab Separator: 9
 A 90 species File (Alg_MacKenzie.dat)
 with 8 sampling times (No_of_TIMES) has been read successfully
 [Exiting function Reading_MacKenzie_Generic_Matrix_from_File(...)]

 Atoll Alg	 TOTAL No of TRANSECTS = 28
 No of SAMPLING TIMES = 8	 Time(No of Transects) = { 2000(2)  2001(4)  2002(4)  2003(4)  2010(2)  2011(4)  2012(4)  2013(4) }
 { 1 1 1 0 1 0.1 1 1 0 0 1 1 0 1 0 0 1 1 1 1 1 1 1 1 1 1 1 1 }
 { 1 1 1 0 0 0.1 1 1 1 0 1 0 1 1 1 1 1 1 1 1 1 1 1 0 1 1 1 0 }
 { 1 1 1 0 0 0.1 0 1 1 0 0 0 0 0 1 1 0 0 0 1 0 0 0 0 0 0 1 0 }
 { 0 0 0 0 0 0.1 0 0 0 0 1 0 0 1 1 1 0 1 1 1 0 0 0 0 0 0 1 0 }
 { 1 1 0 1 1 0.1 0 0 1 1 0 1 0 0 0 1 0 0 0 1 0 0 0 0 0 0 0 0 }
 { 0 0 0 0 0 0.1 0 0 0 0 0 0 0 0 1 1 0 0 0 0 0 0 0 0 0 0 0 0 }
 { 0 0 0 0 0 0.1 1 0 0 0 1 1 1 1 0 1 0 0 0 1 0 0 0 0 1 0 1 0 }
 { 0 0 0 0 0 0.1 0 0 0 0 0 0 1 0 0 0 0 0 0 0 0 0 0 0 0 0 1 1 }
 { 0 1 1 0 1 0.1 0 1 0 0 1 1 1 1 1 1 1 1 1 1 1 1 1 1 1 1 1 1 }
 { 0 0 0 0 0 0.1 0 0 0 0 1 0 1 0 1 1 0 1 1 1 0 0 0 0 0 0 0 0 }
 { 1 1 1 0 1 0.1 1 1 1 1 1 1 1 1 1 1 1 1 1 1 1 1 1 1 1 1 1 1 }
 { 0 0 0 0 0 0.1 0 0 0 0 1 0 0 0 0 0 0 0 0 0 0 0 0 0 0 0 0 0 }
 { 0 0 0 0 0 0.1 0 0 0 0 1 0 0 0 1 0 0 1 0 1 0 0 1 0 0 0 1 1 }
 { 1 1 1 0 1 0.1 1 1 1 0 1 1 1 1 1 1 1 1 1 1 1 1 1 1 1 1 1 1 }
 { 1 0 1 0 0 0.1 0 0 0 0 1 0 1 1 1 0 0 0 0 1 0 0 0 0 0 0 0 0 }
 { 0 0 0 0 0 0.1 1 0 0 0 0 0 0 0 0 0 0 1 0 0 0 0 1 0 0 0 1 0 }
 { 1 1 1 1 0 0.1 0 0 1 0 0 0 0 0 0 0 0 1 0 1 0 0 0 0 0 0 0 0 }
 { 1 1 0 0 0 0.1 1 1 0 0 1 1 1 1 1 1 0 1 0 1 1 0 1 1 1 1 1 1 }
 { 1 0 0 0 0 0.1 0 0 1 0 1 0 1 0 1 0 1 0 1 1 0 0 0 0 0 1 1 1 }
 { 0 0 0 0 0 0.1 0 0 0 0 0 0 0 0 0 0 0 0 0 0 0 0 0 0 0 0 0 0 }
 { 0 0 0 0 0 0.1 1 0 0 0 1 0 1 0 1 1 1 1 1 1 1 0 1 0 1 0 1 0 }
 { 1 1 1 0 1 0.1 1 1 1 0 0 0 1 1 1 1 0 1 1 1 0 0 0 0 0 0 1 0 }
 { 0 0 0 0 0 0.1 0 0 0 0 0 0 0 0 0 0 0 0 0 1 0 0 0 0 1 1 0 1 }
 { 1 1 1 0 1 0.1 1 0 1 1 0 1 1 1 1 0 0 0 0 1 1 1 1 0 1 1 1 0 }
 { 1 0 1 0 1 0.1 0 1 0 0 0 0 0 0 0 1 0 0 0 1 0 0 0 0 0 0 0 0 }
 { 0 0 0 0 0 0.1 0 0 0 0 0 0 0 0 0 0 0 0 0 0 0 0 0 0 0 0 0 0 }
 { 0 0 0 0 1 0.1 0 0 0 0 0 0 1 0 0 1 0 0 0 0 0 0 0 0 0 0 0 0 }
 { 0 0 0 0 0 0.1 0 0 0 0 0 0 1 0 0 0 1 0 0 0 1 0 0 0 1 0 0 0 }
 { 1 0 1 1 1 0.1 1 0 0 0 1 1 0 1 1 1 0 1 1 1 0 1 1 0 1 1 1 1 }
 { 0 0 0 0 1 0.1 0 0 1 0 0 1 0 0 1 1 0 0 1 0 0 0 1 0 0 0 1 0 }
 { 1 1 0 1 1 0 1 0 0 0 0 1 1 0 0 1 0 1 1 1 0 1 0.1 0.1 1 1 1 1 }
 { 1 1 1 1 1 1 1 1 1 1 1 1 1 0 1 1 1 1 1 1 1 0 0.1 0.1 1 0 1 1 }
 { 1 0 1 1 1 1 0 1 1 0 1 1 0 0 0 0 0 1 1 1 0 0 0.1 0.1 0 0 0 1 }
 { 1 1 0 1 0 0 0 0 1 1 1 1 0 0 1 1 1 1 1 1 1 1 0.1 0.1 1 1 1 1 }
 { 0 1 0 0 1 1 0 0 0 1 0 0 0 1 0 0 0 0 0 1 0 0 0.1 0.1 0 0 0 0 }
 { 0 0 0 0 0 0 0 0 0 0 0 0 1 0 0 0 0 0 0 1 1 1 0.1 0.1 1 1 0 0 }
 { 0 0 0 0 0 0 1 1 1 1 1 1 1 0 0 0 0 1 1 0 0 0 0.1 0.1 0 0 0 0 }
 { 0 0 0 1 0 0 0 0 0 0 1 0 1 0 0 0 0 0 0 0 0 1 0.1 0.1 0 1 0 0 }
 { 0 1 1 0 1 1 1 1 1 1 1 1 1 1 1 1 1 1 1 1 1 1 0.1 0.1 1 1 1 0 }
 { 1 1 0 1 0 0 0 1 1 1 0 1 1 1 1 1 0 1 1 0 1 0 0.1 0.1 1 0 0 0 }
 { 1 1 1 1 1 1 1 1 1 1 1 1 1 1 1 0 0 1 1 1 1 0 0.1 0.1 1 1 1 1 }
 { 0 0 0 0 0 0 1 1 0 0 1 1 0 0 1 0 0 0 1 1 0 0 0.1 0.1 0 0 1 0 }
 { 0 0 0 0 0 0 0 0 0 0 0 0 0 1 1 0 0 0 0 0 0 0 0.1 0.1 0 0 0 0 }
 { 1 0 0 1 0 0 1 1 1 1 1 1 1 1 1 1 0 1 1 1 1 1 0.1 0.1 1 1 1 0 }
 { 1 1 1 1 0 1 0 1 0 0 0 1 0 1 1 1 0 1 0 0 0 0 0.1 0.1 0 0 0 0 }
 { 0 0 0 0 0 0 0 0 0 0 0 0 0 0 0 0 0 0 0 1 0 0 0.1 0.1 0 0 0 0 }
 { 1 1 1 0 0 0 0 0 0 1 0 0 0 0 0 0 0 0 0 1 1 0 0.1 0.1 1 0 0 0 }
 { 1 1 1 1 0 1 1 1 1 1 1 1 1 0 1 1 0 1 1 1 0 0 0.1 0.1 1 0 1 0 }
 { 1 1 0 1 1 1 0 1 0 0 0 1 1 1 1 0 1 1 1 1 1 1 0.1 0.1 1 1 1 1 }
 { 0 0 0 1 0 0 0 0 0 0 0 0 0 0 0 0 0 1 1 1 0 0 0.1 0.1 0 0 0 0 }
 { 1 1 0 1 0 1 1 1 0 1 1 1 1 1 0 1 0 0 1 1 1 0 0.1 0.1 1 0 0 0 }
 { 1 1 0 1 1 1 1 1 1 1 0 0 1 0 1 1 0 1 1 1 1 0 0.1 0.1 1 0 1 0 }
 { 0 0 0 1 1 1 0 0 0 0 0 0 0 0 0 0 0 1 0 0 0 0 0.1 0.1 1 0 0 1 }
 { 1 1 0 1 0 0 1 1 1 1 1 1 1 0 1 1 0 1 1 1 1 0 0.1 0.1 1 0 1 0 }
 { 1 0 1 1 1 1 1 1 0 0 1 1 0 0 0 0 0 1 1 0 0 0 0.1 0.1 1 0 0 0 }
 { 0 0 0 0 0 0 1 0 0 0 0 0 0 0 0 0 0 0 0 0 0 0 0.1 0.1 0 0 0 0 }
 { 0 0 1 0 0 0 0 0 0 0 0 1 1 0 0 0 0 0 0 0 1 0 0.1 0.1 1 0 0 0 }
 { 0 0 0 0 0 0 1 1 0 0 0 0 0 0 0 0 0 0 0 0 0 0 0.1 0.1 0 0 0 0 }
 { 1 0 0 0 1 0 0 0 1 1 1 1 0 0 1 1 1 1 1 1 1 0 0.1 0.1 1 0 1 1 }
 { 1 1 0 1 1 1 1 1 1 1 1 1 1 0 1 1 0 1 1 1 1 0 0.1 0.1 1 0 1 1 }
 { 0.1 0.1 1 0 1 0.1 1 0 1 1 0 0 0 0 0.1 0.1 1 1 1 1 1 1 0 0 1 1 0 1 }
 { 0.1 0.1 1 1 1 0.1 1 1 1 1 1 1 1 1 0.1 0.1 1 1 1 1 1 1 1 1 1 1 1 1 }
 { 0.1 0.1 1 0 1 0.1 1 1 0 1 1 1 1 1 0.1 0.1 1 1 0 1 0 1 1 1 0 1 1 1 }
 { 0.1 0.1 1 0 1 0.1 1 1 1 0 1 1 1 1 0.1 0.1 0 0 0 1 0 0 0 0 1 1 1 1 }
 { 0.1 0.1 0 0 1 0.1 0 0 1 1 0 0 0 0 0.1 0.1 0 0 0 1 0 0 0 0 0 0 0 0 }
 { 0.1 0.1 0 0 0 0.1 0 1 0 0 0 0 0 0 0.1 0.1 0 0 0 0 0 0 0 0 0 0 0 0 }
 { 0.1 0.1 0 0 0 0.1 0 1 0 1 1 1 1 0 0.1 0.1 1 1 1 1 1 0 0 0 1 0 0 0 }
 { 0.1 0.1 0 0 0 0.1 1 1 0 0 0 0 0 0 0.1 0.1 0 0 0 0 0 0 0 0 0 1 0 0 }
 { 0.1 0.1 0 1 1 0.1 0 1 1 0 1 1 1 0 0.1 0.1 1 1 1 1 1 1 1 0 1 1 1 1 }
 { 0.1 0.1 1 0 0 0.1 0 1 0 0 1 1 0 0 0.1 0.1 1 1 0 1 0 0 0 0 1 1 0 0 }
 { 0.1 0.1 1 1 1 0.1 1 1 1 1 1 1 1 1 0.1 0.1 1 1 1 1 1 1 1 1 1 1 1 1 }
 { 0.1 0.1 0 0 0 0.1 0 1 0 0 0 0 0 0 0.1 0.1 1 1 0 0 0 0 0 0 0 0 0 0 }
 { 0.1 0.1 0 0 0 0.1 0 0 1 0 0 0 1 1 0.1 0.1 1 1 1 1 0 1 0 1 0 1 0 1 }
 { 0.1 0.1 1 1 1 0.1 1 1 1 1 1 1 1 1 0.1 0.1 1 1 1 1 1 1 1 1 1 1 1 1 }
 { 0.1 0.1 1 0 0 0.1 0 0 1 0 0 1 1 0 0.1 0.1 1 1 0 1 0 1 0 1 0 1 0 1 }
 { 0.1 0.1 0 0 0 0.1 0 0 0 0 0 0 0 0 0.1 0.1 1 0 0 1 0 0 0 0 0 0 0 0 }
 { 0.1 0.1 0 0 1 0.1 0 1 1 1 0 0 0 0 0.1 0.1 0 0 0 1 0 0 0 0 0 0 0 0 }
 { 0.1 0.1 1 1 1 0.1 1 1 1 1 1 1 1 1 0.1 0.1 0 1 1 1 0 1 1 1 1 1 1 1 }
 { 0.1 0.1 1 0 0 0.1 0 1 0 1 0 0 0 0 0.1 0.1 1 1 0 0 0 0 1 1 1 0 1 1 }
 { 0.1 0.1 0 0 0 0.1 0 0 0 0 0 0 0 0 0.1 0.1 1 0 0 0 0 0 0 0 0 0 0 0 }
 { 0.1 0.1 0 0 1 0.1 0 1 0 0 1 1 1 1 0.1 0.1 1 0 1 1 0 1 0 0 1 1 1 0 }
 { 0.1 0.1 1 0 1 0.1 0 1 1 1 1 0 1 1 0.1 0.1 1 1 1 1 1 0 1 0 1 0 1 1 }
 { 0.1 0.1 0 0 0 0.1 0 0 0 0 0 0 0 0 0.1 0.1 0 0 0 1 0 0 0 0 1 0 0 0 }
 { 0.1 0.1 1 1 1 0.1 1 1 0 1 1 1 1 1 0.1 0.1 0 1 1 1 1 0 0 0 1 0 0 0 }
 { 0.1 0.1 1 1 1 0.1 1 1 0 1 1 1 1 1 0.1 0.1 0 0 0 1 0 0 0 0 1 0 1 1 }
 { 0.1 0.1 0 0 0 0.1 0 1 0 0 1 0 0 0 0.1 0.1 0 0 0 0 1 1 1 0 1 1 1 0 }
 { 0.1 0.1 1 0 0 0.1 1 1 0 1 1 1 0 1 0.1 0.1 0 1 0 1 0 0 0 0 0 1 1 0 }
 { 0.1 0.1 1 0 0 0.1 1 1 1 1 1 0 0 0 0.1 0.1 1 0 1 0 0 0 1 0 0 0 1 0 }
 { 0.1 0.1 1 1 0 0.1 0 0 0 1 1 1 0 0 0.1 0.1 0 1 0 0 1 0 0 0 1 1 0 0 }
 { 0.1 0.1 0 0 0 0.1 1 1 1 1 0 1 1 1 0.1 0.1 0 0 1 1 1 0 0 0 1 0 0 0 }



 [Entering function Reading_MacKenzie_Generic_Matrix_nFactors_from_File(...)]
 Reading File Col_MacKenzie.dat...
End of Line: 10	 Tab Separator: 9
 A 60 species File (Col_MacKenzie.dat)
 with 8 sampling times (No_of_TIMES) has been read successfully
 [Exiting function Reading_MacKenzie_Generic_Matrix_from_File(...)]

 Atoll Col	 TOTAL No of TRANSECTS = 28
 No of SAMPLING TIMES = 8	 Time(No of Transects) = { 2000(2)  2001(4)  2002(4)  2003(4)  2010(2)  2011(4)  2012(4)  2013(4) }
 { 0 0 0 0 0 0.1 0 0 0 0 0 0 0 0 0 0 0 0 0 1 0 0 0 0 0 0 0 0 }
 { 0 0 0 0 0 0.1 0 0 0 0 0 0 0 0 0 0 0 0 0 1 0 0 0 0 0 0 0 0 }
 { 1 1 1 0 1 0.1 0 1 1 1 1 1 1 1 1 1 0 1 1 1 0 0 0 0 1 0 0 1 }
 { 0 0 0 0 0 0.1 1 1 0 0 0 0 0 0 0 0 0 0 1 1 1 1 0 0 1 1 0 0 }
 { 1 1 1 1 1 0.1 1 1 1 0 1 1 1 1 1 1 0 1 1 1 0 0 0 0 0 0 0 0 }
 { 0 0 0 0 0 0.1 1 0 0 0 0 0 0 0 1 1 1 0 0 1 0 0 0 0 0 0 0 0 }
 { 1 0 0 0 1 0.1 0 0 0 0 0 1 0 0 1 1 1 0 1 1 0 0 0 0 0 0 0 0 }
 { 0 0 0 0 1 0.1 0 1 0 0 1 0 0 0 0 1 0 1 0 1 0 1 0 0 0 1 0 0 }
 { 1 0 1 1 0 0.1 0 1 1 1 1 1 0 0 0 1 1 0 0 1 0 0 0 0 1 0 0 0 }
 { 0 0 0 0 0 0.1 0 0 0 0 0 0 0 1 0 0 0 0 1 0 0 0 1 0 1 0 1 0 }
 { 0 0 1 1 0 0.1 1 1 0 0 1 1 0 1 0 0 1 1 0 0 1 0 0 0 1 0 0 0 }
 { 0 0 0 0 0 0.1 1 0 0 0 0 0 0 0 0 0 0 0 0 1 0 0 0 0 0 0 0 0 }
 { 1 0 1 1 1 0.1 1 1 1 0 1 1 1 1 1 1 0 1 1 1 0 1 0 0 0 1 1 1 }
 { 0 0 0 0 0 0.1 0 0 0 0 0 0 0 0 0 0 0 0 0 0 0 0 0 0 0 0 0 0 }
 { 0 0 0 0 0 0.1 0 0 0 0 1 0 0 1 1 0 0 1 1 1 0 0 0 0 0 0 0 0 }
 { 0 0 0 0 1 0.1 0 0 1 0 0 0 0 1 1 1 0 0 1 1 0 0 0 0 0 0 0 0 }
 { 1 0 1 1 1 0.1 0 1 1 0 1 1 1 1 1 1 1 1 1 1 0 1 1 0 0 1 1 0 }
 { 0 0 0 0 1 0.1 0 0 0 0 1 0 0 0 0 0 0 0 0 0 0 0 0 0 0 0 0 0 }
 { 0 1 0 0 1 0.1 0 1 1 0 1 0 1 1 0 0 0 0 1 1 1 1 1 1 1 1 1 1 }
 { 0 0 0 0 0 0.1 0 0 0 0 0 0 0 1 1 1 0 0 1 1 0 0 0 0 0 0 0 0 }
 { 0 0 0 0 0 0 0 0 0 0 0 0 0 0 0 0 0 0 0 0 0 0 0.1 0.1 0 0 0 0 }
 { 0 0 0 0 0 0 0 0 0 1 0 0 0 0 0 0 0 0 0 0 0 0 0.1 0.1 0 0 0 0 }
 { 1 1 0 1 1 0 1 1 1 1 1 1 1 1 1 0 1 1 1 1 1 0 0.1 0.1 1 1 0 0 }
 { 0 0 0 0 0 0 1 0 0 0 1 0 1 0 0 0 0 0 0 0 1 0 0.1 0.1 1 0 0 1 }
 { 0 0 1 1 0 0 0 0 0 0 0 0 0 1 0 0 0 1 1 1 0 1 0.1 0.1 0 1 0 0 }
 { 1 0 0 1 0 0 0 1 1 1 0 0 0 0 1 1 0 1 1 1 0 0 0.1 0.1 0 0 0 1 }
 { 0 1 0 0 0 0 1 0 0 0 0 0 0 0 0 0 0 1 0 0 0 0 0.1 0.1 0 0 0 1 }
 { 0 1 0 0 1 0 1 1 0 0 1 0 1 1 1 0 1 1 1 1 0 0 0.1 0.1 0 0 1 0 }
 { 0 0 0 0 0 0 0 0 1 1 0 0 0 1 0 0 0 0 0 0 0 1 0.1 0.1 0 1 0 0 }
 { 0 0 0 0 0 0 0 0 0 1 0 1 1 0 0 1 0 0 1 1 1 0 0.1 0.1 1 0 0 0 }
 { 0 1 0 0 0 0 0 0 0 0 0 0 0 0 0 0 0 0 0 0 0 0 0.1 0.1 0 0 0 0 }
 { 0 0 0 0 0 0 0 0 0 0 0 0 0 0 1 0 0 0 0 0 0 0 0.1 0.1 0 0 0 0 }
 { 1 1 0 0 0 0 1 0 1 0 1 0 0 0 1 1 1 1 1 1 0 0 0.1 0.1 0 1 0 0 }
 { 0 1 0 0 0 0 0 0 0 0 0 0 0 0 0 0 0 1 0 0 0 0 0.1 0.1 0 0 0 0 }
 { 0 0 0 0 0 0 0 0 0 0 0 0 0 0 0 0 0 1 0 0 0 0 0.1 0.1 0 0 0 0 }
 { 0 0 0 0 0 0 0 0 0 0 1 0 0 0 1 0 0 0 0 1 0 0 0.1 0.1 0 0 0 0 }
 { 0 1 0 0 1 0 0 0 0 1 1 0 1 1 1 1 0 1 1 1 0 1 0.1 0.1 0 1 0 0 }
 { 1 0 0 0 0 0 0 0 0 0 0 0 0 0 0 0 0 0 0 0 0 0 0.1 0.1 0 0 0 0 }
 { 1 1 0 1 1 1 0 1 1 1 1 0 1 1 1 1 0 1 1 1 1 0 0.1 0.1 1 0 0 1 }
 { 0 0 0 0 0 0 0 0 1 0 0 0 1 1 0 0 0 1 0 0 0 0 0.1 0.1 0 0 0 0 }
 { 0.1 0.1 0 0 0 0.1 0 0 0 1 0 0 0 0 0.1 0.1 0 0 0 1 0 0 0 0 0 0 0 0 }
 { 0.1 0.1 0 0 0 0.1 0 0 0 0 0 0 0 0 0.1 0.1 0 0 1 0 0 0 0 0 0 0 0 0 }
 { 0.1 0.1 1 1 1 0.1 1 1 1 1 1 1 1 1 0.1 0.1 0 0 0 1 0 0 1 0 1 1 1 1 }
 { 0.1 0.1 0 0 0 0.1 1 0 0 0 0 1 0 0 0.1 0.1 0 1 1 1 0 0 0 0 0 0 0 0 }
 { 0.1 0.1 0 1 1 0.1 0 0 1 1 0 0 1 0 0.1 0.1 0 1 1 1 0 0 0 0 0 0 0 1 }
 { 0.1 0.1 1 0 1 0.1 0 1 1 1 1 1 1 1 0.1 0.1 1 1 1 1 1 1 0 0 1 1 0 0 }
 { 0.1 0.1 0 0 0 0.1 0 0 0 0 0 0 0 0 0.1 0.1 0 1 0 0 0 0 0 0 0 0 0 0 }
 { 0.1 0.1 1 0 0 0.1 0 1 0 0 0 1 1 1 0.1 0.1 1 1 1 1 1 0 1 0 1 0 1 0 }
 { 0.1 0.1 0 1 1 0.1 0 0 1 1 0 0 0 0 0.1 0.1 0 0 0 1 0 0 0 0 1 0 0 0 }
 { 0.1 0.1 1 0 0 0.1 0 1 0 0 1 1 1 1 0.1 0.1 1 1 0 0 1 0 1 0 1 0 1 0 }
 { 0.1 0.1 0 0 0 0.1 0 0 0 0 0 0 0 0 0.1 0.1 0 0 0 0 0 0 0 0 0 0 0 0 }
 { 0.1 0.1 0 0 0 0.1 0 0 0 0 0 0 1 0 0.1 0.1 0 0 0 0 0 0 0 0 0 0 0 0 }
 { 0.1 0.1 1 1 1 0.1 1 1 1 0 1 1 1 0 0.1 0.1 1 1 1 1 1 1 1 0 1 1 1 1 }
 { 0.1 0.1 0 0 0 0.1 0 0 0 0 0 0 0 0 0.1 0.1 0 0 0 0 0 0 0 0 0 0 0 0 }
 { 0.1 0.1 0 0 0 0.1 0 0 0 0 0 0 0 0 0.1 0.1 0 1 0 1 0 0 1 0 0 0 1 0 }
 { 0.1 0.1 0 0 0 0.1 0 0 0 0 0 0 0 0 0.1 0.1 0 0 0 0 0 0 0 0 0 0 0 0 }
 { 0.1 0.1 0 0 1 0.1 0 1 1 1 0 1 1 1 0.1 0.1 1 1 1 1 0 0 1 1 1 1 1 1 }
 { 0.1 0.1 0 1 0 0.1 0 0 0 0 0 0 0 0 0.1 0.1 0 0 1 0 0 0 0 0 0 0 0 0 }
 { 0.1 0.1 1 0 1 0.1 1 1 1 1 1 1 1 1 0.1 0.1 1 1 1 1 0 0 1 0 1 1 1 1 }
 { 0.1 0.1 0 0 0 0.1 0 0 0 0 0 0 1 0 0.1 0.1 0 0 0 1 0 0 0 0 0 0 0 0 }



 [Entering function Reading_MacKenzie_Generic_Matrix_nFactors_from_File(...)]
 Reading File Mac_MacKenzie.dat...
End of Line: 10	 Tab Separator: 9
 A 123 species File (Mac_MacKenzie.dat)
 with 8 sampling times (No_of_TIMES) has been read successfully
 [Exiting function Reading_MacKenzie_Generic_Matrix_from_File(...)]

 Atoll Mac	 TOTAL No of TRANSECTS = 28
 No of SAMPLING TIMES = 8	 Time(No of Transects) = { 2000(2)  2001(4)  2002(4)  2003(4)  2010(2)  2011(4)  2012(4)  2013(4) }
 { 0 0 0 0 0 0.1 0 0 0 0 0 0 0 0 1 1 1 0 0 0 0 0 1 0 0 0 1 0 }
 { 1 1 1 1 1 0.1 1 1 1 1 1 1 1 1 1 1 1 1 1 1 1 1 1 1 1 1 1 1 }
 { 0 0 0 0 0 0.1 1 1 0 0 1 0 0 0 1 1 1 0 0 0 1 0 0 0 1 0 0 0 }
 { 0 0 0 0 1 0.1 1 0 0 0 0 0 0 0 1 0 0 0 1 1 0 0 0 0 0 0 0 0 }
 { 0 1 1 0 1 0.1 1 1 0 1 0 0 0 0 0 0 0 1 0 1 1 0 0 1 1 1 1 1 }
 { 0 0 0 0 0 0.1 0 0 0 0 0 0 0 0 0 1 0 0 0 1 0 0 0 0 0 0 0 0 }
 { 1 1 1 0 0 0.1 0 0 1 0 0 0 0 1 1 1 0 0 0 0 0 0 0 0 0 0 0 0 }
 { 0 0 1 0 0 0.1 1 0 1 0 1 0 1 1 1 1 0 0 1 0 1 0 1 0 1 0 1 1 }
 { 0 0 0 0 0 0.1 0 1 0 0 0 0 0 1 1 0 1 0 1 1 0 1 0 1 0 1 0 1 }
 { 1 0 1 0 0 0.1 0 0 0 0 1 1 0 1 1 0 0 1 1 1 0 0 0 0 0 0 0 0 }
 { 1 0 0 0 0 0.1 1 1 0 0 0 0 0 1 0 0 0 1 0 1 0 1 0 0 1 1 0 0 }
 { 0 0 0 0 0 0.1 0 0 0 0 0 0 0 0 0 0 0 0 0 0 0 0 0 0 0 0 0 0 }
 { 0 0 0 0 0 0.1 0 0 0 0 0 0 0 0 0 0 0 0 0 0 0 0 1 0 0 0 1 0 }
 { 0 0 0 0 0 0.1 0 0 0 0 0 0 0 0 0 0 0 0 0 0 0 0 0 0 0 0 0 0 }
 { 0 0 0 0 0 0.1 0 0 0 0 0 0 0 0 0 0 0 0 0 1 0 0 0 0 0 0 0 0 }
 { 0 0 0 0 0 0.1 0 0 0 0 0 0 0 0 0 0 0 0 0 0 0 0 0 0 0 0 0 0 }
 { 0 0 0 0 0 0.1 0 0 0 0 0 0 0 0 0 0 0 0 0 0 0 0 0 0 0 0 0 0 }
 { 0 0 0 0 0 0.1 1 0 0 0 1 0 1 0 0 1 0 0 1 1 1 0 0 0 1 0 1 0 }
 { 0 0 0 0 0 0.1 0 0 0 0 1 0 0 0 0 0 0 0 0 0 0 0 0 0 0 0 0 0 }
 { 0 0 1 0 0 0.1 1 1 0 0 0 0 1 1 1 0 0 0 1 1 0 0 0 0 1 0 1 0 }
 { 0 0 0 0 0 0.1 0 0 0 0 0 0 1 0 0 0 0 0 0 0 0 0 0 0 0 0 0 0 }
 { 0 0 1 0 1 0.1 0 0 0 0 0 0 0 0 0 0 0 0 0 0 0 0 0 0 0 0 0 0 }
 { 0 0 0 0 0 0.1 0 0 0 0 0 0 0 0 0 0 0 0 0 0 1 1 0 0 1 1 0 0 }
 { 1 0 0 0 0 0.1 0 0 1 1 0 0 0 0 0 0 0 0 0 0 0 0 0 0 0 0 0 0 }
 { 0 0 0 0 1 0.1 0 0 0 1 1 0 0 0 0 1 0 0 0 0 0 0 0 0 0 0 0 0 }
 { 1 0 1 0 1 0.1 0 0 0 0 1 1 0 0 1 1 1 1 1 1 0 1 0 1 0 1 0 1 }
 { 1 1 1 1 1 0.1 1 1 1 1 1 1 1 1 1 1 1 1 1 1 0 0 0 1 1 1 0 1 }
 { 1 1 1 0 0 0.1 1 1 0 0 1 1 0 1 1 1 0 1 0 1 0 0 0 0 0 1 0 0 }
 { 0 1 1 0 1 0.1 1 1 1 0 0 1 1 1 0 0 1 0 0 1 0 0 0 0 0 0 0 0 }
 { 0 0 0 0 0 0.1 0 0 0 0 0 0 0 0 0 0 1 1 0 1 0 0 0 0 0 0 0 0 }
 { 0 0 0 0 0 0.1 0 0 0 0 0 1 0 0 1 0 0 0 0 0 0 0 0 0 0 0 0 1 }
 { 0 0 0 0 0 0.1 0 0 0 0 0 0 0 0 0 0 1 0 1 1 0 0 0 0 0 0 0 0 }
 { 0 1 0 0 0 0.1 0 0 0 0 0 0 0 0 0 0 0 0 0 0 0 0 0 0 0 0 0 0 }
 { 0 1 0 1 1 0.1 0 0 1 1 0 0 0 0 0 0 0 0 0 0 0 0 0 0 0 0 0 0 }
 { 0 0 0 0 0 0.1 0 0 0 0 0 0 0 0 0 0 0 0 0 0 0 0 0 0 0 0 0 0 }
 { 0 1 0 0 0 0.1 0 0 0 0 0 0 0 0 0 0 0 0 1 1 0 0 0 0 0 1 0 0 }
 { 0 0 0 0 0 0.1 0 0 0 0 0 0 0 0 0 0 0 0 0 0 0 0 0 0 0 0 0 0 }
 { 0 0 0 0 0 0.1 1 0 0 0 0 0 0 1 0 0 0 0 0 0 0 1 0 0 0 1 0 0 }
 { 1 1 1 0 1 0.1 1 1 0 0 1 0 0 1 1 1 1 1 1 1 1 1 0 1 1 1 0 1 }
 { 0 0 0 0 0 0.1 0 1 1 1 0 0 0 0 1 1 0 0 0 1 0 0 0 1 0 0 0 1 }
 { 0 1 1 1 1 0.1 0 0 0 0 1 1 0 1 0 1 0 0 0 0 0 0 0 0 0 0 0 0 }
 { 0 0 0 0 0 0 0 0 1 0 1 0 1 0 1 0 0 0 1 0 0 0 0.1 0.1 0 0 1 0 }
 { 1 1 1 1 1 1 1 1 1 1 1 1 1 1 1 1 1 1 1 1 0 1 0.1 0.1 1 1 1 1 }
 { 1 1 0 0 0 0 1 1 0 0 0 0 1 0 0 0 0 1 1 0 0 1 0.1 0.1 0 1 0 0 }
 { 1 1 0 0 0 0 0 0 0 0 0 0 0 0 0 0 1 0 0 1 0 0 0.1 0.1 0 0 0 0 }
 { 0 1 0 1 1 1 0 1 1 1 0 0 0 0 0 0 0 1 0 1 0 1 0.1 0.1 0 1 0 0 }
 { 0 0 0 0 0 0 0 1 0 0 0 0 0 0 0 0 0 1 0 1 0 0 0.1 0.1 0 0 0 0 }
 { 1 0 0 0 0 0 0 1 0 1 0 1 0 1 0 0 0 0 0 1 0 1 0.1 0.1 0 1 0 0 }
 { 0 0 0 1 0 0 1 1 1 1 1 1 1 1 0 0 1 1 1 1 1 0 0.1 0.1 1 0 1 1 }
 { 1 0 0 0 0 0 1 1 1 1 1 1 1 1 0 1 0 1 0 1 0 0 0.1 0.1 0 0 0 0 }
 { 0 0 0 0 1 1 1 0 0 0 0 1 0 0 0 1 0 1 1 1 0 0 0.1 0.1 0 1 0 0 }
 { 0 1 0 1 1 1 1 1 1 0 1 1 0 0 0 0 0 1 1 1 0 0 0.1 0.1 0 0 0 0 }
 { 0 0 0 0 0 0 0 0 0 1 0 0 1 0 0 0 0 0 1 0 0 0 0.1 0.1 0 0 0 0 }
 { 0 0 0 1 0 0 0 0 0 1 0 0 0 0 0 0 0 0 1 0 0 0 0.1 0.1 0 0 0 0 }
 { 0 0 0 0 0 0 0 0 0 0 0 0 0 0 0 0 0 0 1 1 0 0 0.1 0.1 0 0 1 1 }
 { 0 0 0 0 0 0 0 0 0 0 0 0 0 0 0 0 0 0 0 0 0 0 0.1 0.1 0 0 0 0 }
 { 0 0 0 0 0 0 0 1 0 0 0 0 0 0 0 0 0 0 0 0 0 0 0.1 0.1 0 0 0 0 }
 { 0 0 0 0 0 0 1 0 0 0 0 0 0 0 0 0 0 0 0 0 0 0 0.1 0.1 0 0 0 0 }
 { 0 0 0 0 0 0 0 0 0 1 0 0 0 0 0 0 0 1 1 1 1 0 0.1 0.1 1 0 0 0 }
 { 1 0 0 0 1 0 0 0 1 1 0 0 1 0 0 0 0 0 1 1 0 0 0.1 0.1 0 0 1 0 }
 { 1 1 0 1 1 0 1 1 1 1 0 1 1 0 1 1 1 1 1 1 0 0 0.1 0.1 0 0 1 0 }
 { 0 1 0 1 0 0 1 0 0 0 0 0 0 0 1 1 0 0 1 0 0 0 0.1 0.1 0 0 0 0 }
 { 0 0 0 0 1 0 0 0 0 0 1 0 0 0 0 0 0 0 0 0 0 0 0.1 0.1 0 0 0 0 }
 { 1 0 0 0 0 0 0 0 0 0 0 1 0 0 1 0 0 1 0 0 1 0 0.1 0.1 1 0 0 0 }
 { 0 0 0 0 0 0 0 0 0 0 0 1 0 0 0 0 0 0 0 1 1 0 0.1 0.1 1 0 0 0 }
 { 0 0 0 1 0 0 0 0 0 0 0 0 0 0 0 0 0 0 1 1 0 0 0.1 0.1 0 0 0 0 }
 { 0 0 0 0 0 0 1 1 0 1 0 1 1 1 1 1 0 1 1 1 0 1 0.1 0.1 1 1 0 1 }
 { 1 1 1 1 1 0 1 0 1 1 1 1 1 1 1 1 1 1 1 1 0 0 0.1 0.1 0 0 1 1 }
 { 1 1 1 1 0 1 1 1 0 1 1 1 1 0 0 0 0 1 1 1 0 0 0.1 0.1 0 0 0 0 }
 { 0 1 0 1 0 0 1 0 1 0 0 0 0 0 0 0 0 1 1 0 0 0 0.1 0.1 0 0 0 0 }
 { 0 1 0 0 0 0 1 1 0 0 0 0 0 0 0 1 0 1 1 1 0 1 0.1 0.1 0 1 0 0 }
 { 0 0 0 0 0 0 1 0 0 0 0 0 0 0 0 0 0 0 0 1 0 0 0.1 0.1 0 0 0 0 }
 { 0 0 0 0 0 0 0 0 0 0 0 0 0 0 0 0 0 0 1 0 0 0 0.1 0.1 0 0 1 0 }
 { 0 1 0 0 0 0 0 0 0 0 0 0 0 0 0 0 0 0 0 0 0 0 0.1 0.1 0 0 0 0 }
 { 0 0 0 0 0 0 0 0 0 0 0 0 0 0 0 0 0 0 0 0 0 0 0.1 0.1 0 0 0 0 }
 { 0 0 0 0 0 1 0 0 0 0 0 0 0 0 1 0 0 0 0 0 0 0 0.1 0.1 0 0 0 0 }
 { 0 1 0 0 0 0 0 0 1 1 0 0 1 0 1 0 0 1 1 1 0 0 0.1 0.1 0 0 0 0 }
 { 0 0 0 0 0 1 1 1 0 1 0 0 0 0 1 0 0 0 1 0 0 0 0.1 0.1 0 0 0 0 }
 { 0 1 0 0 0 0 1 0 0 0 0 0 1 0 1 1 0 0 0 0 0 0 0.1 0.1 0 0 1 0 }
 { 0 0 1 1 0 0 1 1 0 1 1 0 0 1 1 1 1 1 1 1 1 1 0.1 0.1 1 1 1 1 }
 { 0 0 0 0 0 0 0 0 0 0 0 0 0 0 0 0 0 1 1 1 0 1 0.1 0.1 0 1 0 0 }
 { 0 1 0 0 0 0 0 0 0 1 0 0 0 1 0 0 0 0 0 1 0 0 0.1 0.1 0 0 0 0 }
 { 0.1 0.1 0 0 0 0.1 0 1 1 1 1 1 1 1 0.1 0.1 0 0 0 0 0 0 1 0 1 0 1 0 }
 { 0.1 0.1 1 1 1 0.1 1 1 1 1 1 1 1 1 0.1 0.1 1 1 1 1 1 1 1 1 1 1 1 1 }
 { 0.1 0.1 0 0 1 0.1 0 0 0 0 0 0 1 0 0.1 0.1 1 1 1 1 0 0 0 1 0 0 0 1 }
 { 0.1 0.1 0 0 1 0.1 0 0 0 1 1 0 0 0 0.1 0.1 0 0 1 1 0 0 1 0 0 0 1 1 }
 { 0.1 0.1 1 0 0 0.1 0 1 0 1 0 0 0 0 0.1 0.1 0 0 0 0 0 0 0 0 0 0 0 0 }
 { 0.1 0.1 1 0 0 0.1 0 0 0 0 0 0 0 0 0.1 0.1 0 0 0 0 0 0 0 0 0 0 0 0 }
 { 0.1 0.1 0 0 0 0.1 0 0 0 0 0 0 0 0 0.1 0.1 0 1 0 1 0 0 0 0 0 0 0 1 }
 { 0.1 0.1 1 0 1 0.1 0 0 1 1 1 1 1 0 0.1 0.1 0 1 1 1 0 0 0 0 1 0 0 0 }
 { 0.1 0.1 1 0 0 0.1 0 1 0 0 1 1 1 1 0.1 0.1 1 1 0 0 0 0 1 1 1 0 1 1 }
 { 0.1 0.1 1 0 0 0.1 1 1 0 0 1 1 1 1 0.1 0.1 1 0 0 1 0 0 1 0 0 0 1 0 }
 { 0.1 0.1 1 0 0 0.1 0 1 0 0 1 1 0 1 0.1 0.1 1 1 0 0 0 1 1 0 0 1 1 0 }
 { 0.1 0.1 0 0 0 0.1 0 1 0 0 0 0 0 0 0.1 0.1 0 0 0 0 1 0 0 0 1 0 0 0 }
 { 0.1 0.1 0 0 0 0.1 0 0 0 0 0 0 0 0 0.1 0.1 0 0 0 0 0 0 0 0 0 0 0 0 }
 { 0.1 0.1 0 0 0 0.1 0 0 0 0 1 1 0 0 0.1 0.1 0 0 0 1 0 0 0 0 0 0 1 0 }
 { 0.1 0.1 1 0 0 0.1 0 0 0 0 0 0 0 0 0.1 0.1 0 0 0 1 0 0 0 0 0 0 1 1 }
 { 0.1 0.1 0 0 0 0.1 0 0 0 0 0 0 0 0 0.1 0.1 0 0 0 0 0 0 0 0 0 0 0 0 }
 { 0.1 0.1 0 0 0 0.1 0 0 1 0 1 0 1 0 0.1 0.1 0 0 0 0 0 0 0 0 0 0 0 0 }
 { 0.1 0.1 0 0 0 0.1 0 1 1 1 0 0 1 0 0.1 0.1 1 1 1 1 1 0 0 0 1 0 0 0 }
 { 0.1 0.1 0 0 1 0.1 1 1 1 0 1 0 0 0 0.1 0.1 0 1 0 1 0 0 0 0 0 0 0 0 }
 { 0.1 0.1 1 0 0 0.1 0 1 1 0 1 0 1 0 0.1 0.1 1 1 0 0 0 0 0 0 0 0 0 0 }
 { 0.1 0.1 0 0 0 0.1 0 0 0 0 0 0 0 0 0.1 0.1 0 0 0 0 0 0 0 0 0 0 0 0 }
 { 0.1 0.1 0 0 1 0.1 0 0 0 0 0 0 0 0 0.1 0.1 0 0 0 0 0 0 0 0 0 0 0 0 }
 { 0.1 0.1 0 0 1 0.1 0 0 0 0 0 0 0 0 0.1 0.1 1 1 1 0 1 0 0 0 1 0 0 0 }
 { 0.1 0.1 0 0 0 0.1 0 0 0 0 0 0 0 0 0.1 0.1 0 0 0 0 0 0 0 0 0 0 0 0 }
 { 0.1 0.1 0 1 0 0.1 0 0 0 0 0 0 0 0 0.1 0.1 0 0 0 0 0 0 0 0 0 0 0 0 }
 { 0.1 0.1 0 1 1 0.1 0 0 0 0 1 1 1 1 0.1 0.1 0 1 0 1 0 0 0 1 0 0 1 1 }
 { 0.1 0.1 0 1 1 0.1 1 0 1 1 0 1 1 1 0.1 0.1 1 1 0 1 0 0 0 1 1 0 0 1 }
 { 0.1 0.1 1 1 1 0.1 1 1 1 1 1 1 1 1 0.1 0.1 1 1 1 1 0 1 0 0 0 1 0 0 }
 { 0.1 0.1 1 0 1 0.1 0 0 1 0 0 1 0 0 0.1 0.1 0 0 0 1 0 0 0 0 0 0 0 0 }
 { 0.1 0.1 0 0 0 0.1 0 0 0 0 0 0 0 0 0.1 0.1 1 1 1 1 0 0 0 0 1 0 0 0 }
 { 0.1 0.1 0 0 0 0.1 0 0 0 0 0 0 0 0 0.1 0.1 1 0 0 0 0 0 0 0 0 0 0 0 }
 { 0.1 0.1 0 0 0 0.1 0 0 0 0 1 1 1 1 0.1 0.1 1 1 1 1 0 1 1 0 1 1 1 1 }
 { 0.1 0.1 0 0 0 0.1 0 0 0 0 0 0 0 0 0.1 0.1 0 0 0 0 0 0 0 0 0 0 0 0 }
 { 0.1 0.1 0 0 1 0.1 0 0 1 1 0 0 0 0 0.1 0.1 0 0 0 0 0 0 0 0 0 0 0 0 }
 { 0.1 0.1 1 0 0 0.1 0 0 0 0 0 0 0 0 0.1 0.1 0 0 0 0 1 1 1 0 1 1 1 0 }
 { 0.1 0.1 0 0 0 0.1 0 1 0 0 0 0 0 0 0.1 0.1 0 1 0 1 0 0 0 0 0 0 0 0 }
 { 0.1 0.1 0 0 0 0.1 1 1 1 0 0 1 1 0 0.1 0.1 0 0 0 0 0 0 0 0 0 0 0 0 }
 { 0.1 0.1 1 0 1 0.1 0 0 0 1 0 1 1 1 0.1 0.1 0 0 0 0 0 0 0 0 0 1 0 0 }
 { 0.1 0.1 0 0 1 0.1 0 0 1 0 1 1 1 1 0.1 0.1 1 1 1 1 1 1 0 0 1 1 1 0 }
 { 0.1 0.1 0 0 0 0.1 0 1 1 0 0 0 0 0 0.1 0.1 0 0 0 0 0 0 0 0 0 0 0 1 }
 { 0.1 0.1 0 0 0 0.1 0 0 0 0 0 0 0 0 0.1 0.1 0 0 0 0 0 0 0 0 0 0 0 0 }



 [Entering function Reading_MacKenzie_Generic_Matrix_nFactors_from_File(...)]
 Reading File Mic_MacKenzie.dat...
End of Line: 10	 Tab Separator: 9
 A 63 species File (Mic_MacKenzie.dat)
 with 8 sampling times (No_of_TIMES) has been read successfully
 [Exiting function Reading_MacKenzie_Generic_Matrix_from_File(...)]

 Atoll Mic	 TOTAL No of TRANSECTS = 28
 No of SAMPLING TIMES = 8	 Time(No of Transects) = { 2000(2)  2001(4)  2002(4)  2003(4)  2010(2)  2011(4)  2012(4)  2013(4) }
 { 0 0 0 0 0 0.1 1 0 0 0 0 0 0 0 0 1 0 0 0 0 0 0 0 0 0 0 0 0 }
 { 0 0 0 0 0 0.1 0 0 0 0 0 0 1 1 0 1 0 0 1 1 1 0 0 0 1 0 0 0 }
 { 0 0 0 0 0 0.1 0 0 0 0 0 0 0 0 0 1 1 0 0 1 0 1 0 0 0 1 0 0 }
 { 1 1 0 1 1 0.1 0 0 0 0 0 0 0 0 1 0 1 0 0 1 0 0 0 0 0 1 0 0 }
 { 0 0 1 0 0 0.1 0 0 0 0 0 1 0 0 0 0 0 1 0 1 0 0 0 1 1 1 0 1 }
 { 0 0 0 0 1 0.1 0 0 0 0 0 1 0 0 0 0 0 0 0 1 0 0 0 0 0 0 0 0 }
 { 1 0 0 0 0 0.1 1 0 0 0 0 0 0 1 1 0 1 1 1 1 0 1 0 0 0 1 1 0 }
 { 1 1 1 1 1 0.1 1 1 1 0 1 1 0 1 1 1 1 1 1 1 0 0 0 1 0 1 1 1 }
 { 1 1 1 0 1 0.1 1 1 1 0 1 1 1 1 1 1 1 1 1 1 0 0 0 1 1 1 0 1 }
 { 1 0 0 0 0 0.1 0 0 1 1 1 1 0 1 0 0 0 0 0 0 0 0 0 0 0 0 0 0 }
 { 1 1 0 1 0 0.1 0 0 0 0 0 0 0 0 1 1 0 1 0 1 0 0 0 0 0 0 0 1 }
 { 0 1 0 0 0 0.1 0 0 0 0 1 1 1 0 1 1 0 0 1 0 0 0 0 0 0 0 0 0 }
 { 0 0 1 0 0 0.1 0 0 0 0 0 0 0 0 0 0 0 1 0 0 0 0 0 0 0 0 0 0 }
 { 0 1 0 0 0 0.1 0 0 0 0 0 0 0 0 0 0 0 0 0 0 0 0 0 0 0 0 0 0 }
 { 0 0 0 0 0 0.1 0 0 0 0 0 0 0 0 1 1 1 1 1 1 0 0 0 0 0 1 0 1 }
 { 1 1 1 0 0 0.1 0 1 0 0 0 0 1 1 1 0 0 0 0 0 0 1 0 1 0 1 0 1 }
 { 0 0 0 0 0 0.1 0 0 0 0 0 0 0 0 1 1 0 0 0 1 0 0 0 0 0 0 0 0 }
 { 0 0 0 0 0 0.1 0 0 0 0 0 0 0 0 1 0 0 0 0 1 0 0 0 0 0 0 1 0 }
 { 0 1 0 0 0 0.1 0 0 0 0 0 0 0 0 0 0 0 0 0 1 0 0 0 1 0 0 0 1 }
 { 1 1 1 1 1 0.1 1 1 1 1 1 1 0 1 1 1 0 1 0 1 0 0 0 0 0 0 0 1 }
 { 0 1 0 0 1 0.1 0 0 0 0 1 0 1 0 1 1 0 1 1 1 1 1 0 0 1 1 0 1 }
 { 0 0 0 0 0 0 0 0 0 0 0 0 0 0 0 0 0 0 0 0 0 0 0.1 0.1 1 0 0 0 }
 { 0 0 0 0 0 0 0 0 0 0 0 0 0 0 1 1 0 1 0 0 0 1 0.1 0.1 1 1 0 0 }
 { 0 0 0 0 0 0 0 0 0 0 1 0 0 1 1 0 0 1 1 0 0 1 0.1 0.1 0 1 0 0 }
 { 1 1 0 1 0 0 1 0 0 0 0 0 0 0 0 1 0 0 1 1 0 1 0.1 0.1 0 1 1 0 }
 { 0 0 0 0 0 0 0 0 0 0 0 0 0 0 0 0 0 0 0 0 1 1 0.1 0.1 1 1 0 1 }
 { 0 0 0 0 0 0 0 0 0 0 1 1 1 0 0 0 0 0 0 0 0 0 0.1 0.1 0 0 0 0 }
 { 1 1 0 0 0 0 1 1 0 1 1 0 0 1 0 1 0 0 0 0 0 0 0.1 0.1 0 0 0 1 }
 { 1 1 1 1 1 1 1 1 1 1 1 1 1 1 1 1 0 1 1 1 0 1 0.1 0.1 1 1 1 0 }
 { 1 1 1 1 1 1 1 1 1 1 1 1 1 1 1 1 1 1 1 1 1 1 0.1 0.1 1 1 1 1 }
 { 1 1 0 0 0 0 0 0 0 0 0 0 0 0 0 0 0 1 0 0 0 0 0.1 0.1 0 0 0 0 }
 { 0 1 0 0 1 0 0 0 0 0 0 0 0 0 0 1 1 1 1 1 0 0 0.1 0.1 0 0 0 0 }
 { 1 1 0 0 1 1 0 1 0 0 0 0 0 0 1 1 0 0 1 0 1 0 0.1 0.1 1 0 0 0 }
 { 0 0 0 0 0 0 0 0 0 0 0 0 0 0 0 0 0 1 0 0 0 0 0.1 0.1 0 0 1 0 }
 { 0 0 0 0 0 0 0 0 0 0 0 0 0 0 0 0 0 0 0 0 0 0 0.1 0.1 0 0 0 0 }
 { 0 0 0 0 0 0 0 0 0 0 1 0 0 0 0 0 0 1 1 1 0 0 0.1 0.1 0 0 0 0 }
 { 0 1 0 1 1 1 0 0 0 0 1 1 0 0 0 0 0 0 0 0 0 0 0.1 0.1 0 1 0 0 }
 { 0 0 0 0 0 0 0 0 0 0 0 0 0 0 0 0 0 1 0 0 0 1 0.1 0.1 0 1 0 0 }
 { 0 0 0 0 1 0 0 0 0 0 0 0 0 1 0 0 0 1 0 1 0 0 0.1 0.1 0 0 0 0 }
 { 0 1 0 0 1 1 0 0 0 0 0 0 0 0 0 0 0 1 1 1 0 0 0.1 0.1 0 0 0 0 }
 { 0 1 1 1 0 0 0 1 1 1 0 1 0 1 1 1 0 1 1 1 0 1 0.1 0.1 1 1 0 1 }
 { 0 0 0 0 1 0 1 0 0 1 0 0 1 1 0 1 1 1 1 1 0 1 0.1 0.1 1 1 1 0 }
 { 0.1 0.1 0 0 0 0.1 0 0 0 0 0 0 0 0 0.1 0.1 0 0 0 0 0 0 0 0 0 0 0 0 }
 { 0.1 0.1 0 0 0 0.1 0 0 0 0 0 0 0 0 0.1 0.1 0 1 0 0 0 1 0 0 1 1 0 0 }
 { 0.1 0.1 0 0 0 0.1 1 0 0 1 0 0 0 1 0.1 0.1 1 0 0 1 0 0 1 0 0 0 1 1 }
 { 0.1 0.1 1 0 1 0.1 0 0 1 0 0 1 1 0 0.1 0.1 1 1 1 1 0 1 0 0 1 1 0 0 }
 { 0.1 0.1 0 0 0 0.1 0 0 0 0 0 1 0 0 0.1 0.1 0 1 0 0 1 1 0 1 1 1 0 1 }
 { 0.1 0.1 0 0 0 0.1 0 0 0 0 0 0 0 0 0.1 0.1 0 0 0 0 0 0 0 0 0 0 0 0 }
 { 0.1 0.1 1 0 1 0.1 1 1 1 1 1 0 1 0 0.1 0.1 0 0 1 1 1 1 1 0 1 1 1 0 }
 { 0.1 0.1 1 1 1 0.1 1 1 1 0 1 1 1 1 0.1 0.1 0 1 1 1 1 1 1 1 1 1 1 1 }
 { 0.1 0.1 1 1 1 0.1 1 1 1 1 1 1 1 1 0.1 0.1 1 1 1 1 1 1 1 1 1 1 1 1 }
 { 0.1 0.1 0 0 0 0.1 0 0 0 0 0 1 0 1 0.1 0.1 0 0 0 0 0 0 0 0 0 0 0 0 }
 { 0.1 0.1 0 0 0 0.1 0 0 0 0 0 0 0 0 0.1 0.1 0 0 0 0 0 0 0 0 0 0 0 0 }
 { 0.1 0.1 0 0 0 0.1 0 0 0 0 0 1 0 0 0.1 0.1 0 1 0 0 1 0 0 0 1 0 0 0 }
 { 0.1 0.1 0 0 0 0.1 0 0 0 0 0 0 0 0 0.1 0.1 0 0 0 0 0 0 0 0 0 0 0 0 }
 { 0.1 0.1 0 1 0 0.1 0 0 0 0 0 0 0 0 0.1 0.1 0 0 0 0 0 0 0 0 0 0 0 0 }
 { 0.1 0.1 1 0 1 0.1 0 0 0 0 0 1 0 0 0.1 0.1 0 0 1 0 0 0 0 0 0 0 0 0 }
 { 0.1 0.1 0 0 1 0.1 0 0 1 0 0 0 0 0 0.1 0.1 0 0 0 0 0 0 0 1 0 0 0 1 }
 { 0.1 0.1 0 0 1 0.1 0 0 0 0 0 0 0 0 0.1 0.1 0 0 0 0 0 0 0 1 0 0 0 1 }
 { 0.1 0.1 0 0 0 0.1 0 0 0 0 0 0 0 0 0.1 0.1 0 1 0 0 0 0 0 0 0 0 0 0 }
 { 0.1 0.1 1 0 0 0.1 0 0 0 0 0 0 0 0 0.1 0.1 1 1 0 1 1 1 0 1 1 1 0 1 }
 { 0.1 0.1 0 1 1 0.1 0 0 1 1 1 1 0 1 0.1 0.1 0 1 0 1 0 0 0 0 0 0 0 1 }
 { 0.1 0.1 0 0 0 0.1 0 0 1 1 0 0 1 1 0.1 0.1 0 0 1 1 1 0 0 0 1 0 0 0 }



 [Entering function Reading_MacKenzie_Generic_Matrix_nFactors_from_File(...)]
 Reading File Omn_MacKenzie.dat...
End of Line: 10	 Tab Separator: 9
 A 27 species File (Omn_MacKenzie.dat)
 with 8 sampling times (No_of_TIMES) has been read successfully
 [Exiting function Reading_MacKenzie_Generic_Matrix_from_File(...)]

 Atoll Omn	 TOTAL No of TRANSECTS = 28
 No of SAMPLING TIMES = 8	 Time(No of Transects) = { 2000(2)  2001(4)  2002(4)  2003(4)  2010(2)  2011(4)  2012(4)  2013(4) }
 { 0 0 0 1 1 0.1 1 0 1 0 1 0 0 0 0 0 0 0 0 0 0 0 0 0 0 0 0 0 }
 { 0 0 0 0 0 0.1 0 0 0 0 0 0 0 0 1 1 0 0 0 1 0 0 0 0 0 0 0 0 }
 { 1 1 0 0 0 0.1 0 0 0 0 1 1 1 1 0 0 1 1 1 1 0 0 0 1 0 0 0 1 }
 { 0 0 0 0 0 0.1 0 0 0 0 0 0 0 0 1 0 0 0 0 0 0 0 0 0 0 0 0 0 }
 { 0 0 1 0 0 0.1 1 0 1 0 1 0 0 1 0 0 0 0 0 0 0 0 0 0 0 0 0 0 }
 { 0 0 0 0 1 0.1 1 0 0 0 1 0 0 0 0 0 0 0 1 0 1 0 0 0 1 0 0 0 }
 { 0 0 0 0 0 0.1 1 0 0 0 0 0 0 0 0 0 0 0 0 0 0 0 0 0 0 0 0 0 }
 { 0 0 0 0 0 0.1 1 0 0 0 1 0 1 0 1 0 1 0 0 1 1 0 0 0 1 0 1 0 }
 { 1 1 1 0 1 0.1 1 0 0 0 1 0 1 1 1 1 1 1 1 1 1 1 1 0 1 1 1 1 }
 { 0 0 0 0 0 0 0 0 1 0 0 0 0 0 0 0 0 0 0 0 0 0 0.1 0.1 0 0 0 0 }
 { 0 0 0 0 0 0 1 0 0 0 0 0 0 1 0 0 0 0 1 0 0 0 0.1 0.1 0 0 1 1 }
 { 0 1 0 0 1 0 0 0 1 1 1 0 1 1 0 1 0 1 1 1 0 1 0.1 0.1 1 1 0 1 }
 { 0 0 0 0 0 0 0 0 0 0 0 0 0 0 1 0 0 0 0 0 0 0 0.1 0.1 0 0 0 0 }
 { 0 0 0 0 0 0 0 0 0 1 0 0 0 0 0 0 0 0 0 0 0 0 0.1 0.1 0 0 0 0 }
 { 1 0 0 0 0 0 0 0 0 0 0 0 0 0 0 0 1 1 1 0 0 0 0.1 0.1 0 0 0 0 }
 { 0 0 0 0 0 0 0 0 0 0 0 0 0 0 0 0 0 0 0 0 0 0 0.1 0.1 0 0 0 0 }
 { 1 1 0 1 0 0 1 0 1 1 1 1 1 0 0 0 0 1 1 0 1 0 0.1 0.1 1 0 1 0 }
 { 1 1 0 0 0 1 1 1 0 1 1 1 1 0 1 1 0 1 1 1 1 0 0.1 0.1 1 0 1 0 }
 { 0.1 0.1 0 0 0 0.1 0 0 0 0 0 0 0 0 0.1 0.1 0 0 0 0 0 0 0 0 0 0 0 0 }
 { 0.1 0.1 0 0 0 0.1 0 0 0 0 0 0 0 0 0.1 0.1 0 0 0 0 0 0 0 0 0 0 0 0 }
 { 0.1 0.1 0 0 0 0.1 0 0 0 0 0 1 1 0 0.1 0.1 0 1 0 1 0 0 0 0 0 0 0 0 }
 { 0.1 0.1 0 0 1 0.1 0 0 0 0 0 0 0 0 0.1 0.1 0 0 0 0 0 0 0 0 0 0 1 0 }
 { 0.1 0.1 0 0 0 0.1 0 0 0 0 0 0 0 0 0.1 0.1 0 0 1 1 0 1 0 0 0 1 0 0 }
 { 0.1 0.1 0 0 0 0.1 1 0 1 0 1 0 0 0 0.1 0.1 0 1 0 0 1 0 1 0 1 0 1 0 }
 { 0.1 0.1 0 0 0 0.1 0 0 0 0 0 0 0 0 0.1 0.1 0 0 0 0 0 0 0 0 0 0 0 0 }
 { 0.1 0.1 1 1 1 0.1 1 1 1 1 1 1 1 1 0.1 0.1 0 1 1 1 0 1 1 0 1 1 1 1 }
 { 0.1 0.1 1 1 1 0.1 1 1 1 1 1 1 1 1 0.1 0.1 1 1 1 1 0 1 1 1 1 1 1 1 }



 [Entering function Reading_MacKenzie_Generic_Matrix_nFactors_from_File(...)]
 Reading File Pis_MacKenzie.dat...
End of Line: 10	 Tab Separator: 9
 A 63 species File (Pis_MacKenzie.dat)
 with 8 sampling times (No_of_TIMES) has been read successfully
 [Exiting function Reading_MacKenzie_Generic_Matrix_from_File(...)]

 Atoll Pis	 TOTAL No of TRANSECTS = 28
 No of SAMPLING TIMES = 8	 Time(No of Transects) = { 2000(2)  2001(4)  2002(4)  2003(4)  2010(2)  2011(4)  2012(4)  2013(4) }
 { 0 0 0 0 0 0.1 0 1 0 0 0 0 0 0 0 1 0 0 1 0 1 1 0 0 1 1 1 0 }
 { 1 0 0 0 1 0.1 0 0 0 1 0 0 0 1 0 0 0 0 0 0 0 0 0 0 0 0 0 0 }
 { 0 0 0 0 0 0.1 1 0 1 0 1 0 1 0 0 0 1 0 0 0 0 0 0 0 0 0 0 1 }
 { 1 1 1 0 1 0.1 1 1 0 0 1 0 1 1 1 1 1 1 1 1 1 1 1 0 1 1 1 0 }
 { 0 0 0 0 0 0.1 1 0 1 1 0 0 0 0 0 1 0 0 0 0 1 0 0 0 1 0 0 0 }
 { 0 0 0 0 0 0.1 0 0 0 0 1 1 0 1 1 0 0 0 1 1 0 0 0 1 0 0 0 1 }
 { 0 0 1 0 0 0.1 0 0 0 0 0 0 0 0 0 0 0 0 0 0 0 0 0 0 0 0 0 0 }
 { 0 0 0 0 0 0.1 0 0 0 0 1 0 0 0 0 0 0 0 0 0 0 0 0 0 0 0 0 0 }
 { 0 0 0 0 0 0.1 0 0 0 0 1 0 0 0 0 0 0 0 0 0 0 0 0 0 0 0 0 0 }
 { 0 0 0 0 0 0.1 0 0 0 0 0 0 0 0 0 0 0 0 0 0 0 0 0 0 0 0 0 0 }
 { 0 0 0 0 0 0.1 0 0 0 0 0 0 0 1 0 0 0 0 0 0 0 0 0 0 0 0 1 0 }
 { 0 1 0 0 0 0.1 0 0 0 0 0 0 0 0 0 1 0 0 0 0 0 0 1 0 0 0 1 0 }
 { 0 0 0 1 0 0.1 0 0 0 0 0 0 0 0 0 0 0 0 0 0 0 0 0 0 0 0 0 0 }
 { 0 0 0 0 0 0.1 0 0 0 0 0 0 0 0 1 0 0 0 0 0 0 0 0 0 0 0 0 0 }
 { 0 1 0 0 0 0.1 1 0 0 0 0 0 0 0 0 0 0 0 0 0 0 0 0 0 0 0 0 0 }
 { 1 0 1 0 0 0.1 0 0 0 1 1 0 0 0 0 0 0 0 0 1 0 0 0 0 1 0 0 0 }
 { 1 0 0 0 0 0.1 1 0 0 0 1 0 1 0 1 1 0 0 0 1 0 0 1 1 0 1 1 1 }
 { 0 0 1 0 0 0.1 0 0 0 0 0 0 0 0 0 0 0 0 0 0 0 0 0 0 0 0 0 0 }
 { 0 0 0 0 0 0.1 0 0 0 0 0 0 0 0 0 0 0 1 0 1 0 0 0 0 0 0 0 0 }
 { 0 0 0 0 0 0.1 0 1 1 0 0 0 0 0 0 0 0 0 0 0 0 0 0 0 1 0 0 0 }
 { 0 1 0 0 1 0.1 1 1 1 1 1 1 1 1 0 1 1 0 1 1 0 0 0 0 0 0 1 0 }
 { 0 0 0 0 0 0 1 0 0 0 0 0 1 0 1 0 0 1 1 1 1 0 0.1 0.1 1 0 0 0 }
 { 0 0 0 0 0 0 0 0 0 1 0 0 0 0 0 0 0 0 0 0 0 0 0.1 0.1 0 0 1 0 }
 { 0 0 0 0 0 0 1 1 1 0 1 0 0 0 1 0 0 0 1 0 0 0 0.1 0.1 0 0 0 0 }
 { 1 1 0 1 1 1 1 1 1 1 1 1 1 1 1 1 0 1 1 1 1 1 0.1 0.1 1 1 1 1 }
 { 1 0 0 0 0 0 0 0 0 1 1 0 0 0 0 0 0 0 1 0 0 0 0.1 0.1 0 0 0 0 }
 { 0 0 0 0 0 0 0 0 0 0 0 0 0 1 0 0 0 0 0 1 0 0 0.1 0.1 0 1 0 0 }
 { 0 1 0 0 0 0 0 0 0 1 0 0 0 0 0 0 0 0 0 0 0 0 0.1 0.1 0 0 0 0 }
 { 0 0 0 0 0 0 0 0 0 0 0 0 0 0 0 0 0 0 0 0 0 0 0.1 0.1 0 0 0 0 }
 { 0 0 0 0 0 0 0 0 0 0 0 0 0 1 0 0 0 0 0 0 0 0 0.1 0.1 0 0 0 0 }
 { 0 0 0 0 0 0 0 0 0 0 1 0 0 0 0 0 0 0 0 1 0 0 0.1 0.1 0 0 0 0 }
 { 0 1 0 0 0 0 0 0 0 0 0 1 0 0 0 0 0 0 1 0 0 0 0.1 0.1 0 0 0 0 }
 { 0 1 0 0 1 1 0 0 0 1 0 0 1 0 1 0 0 1 1 0 0 0 0.1 0.1 0 0 0 0 }
 { 0 0 0 0 0 0 0 0 0 0 0 0 0 0 0 0 0 0 0 0 0 0 0.1 0.1 0 0 0 0 }
 { 0 0 0 0 0 0 0 0 0 0 0 0 0 0 0 0 0 0 0 0 0 0 0.1 0.1 0 0 0 0 }
 { 0 0 0 0 0 0 0 1 0 1 0 0 0 0 0 0 0 0 0 0 0 0 0.1 0.1 0 0 0 0 }
 { 0 1 0 0 0 0 0 0 0 1 1 0 0 1 0 0 0 1 1 0 0 0 0.1 0.1 0 0 0 0 }
 { 1 1 0 0 0 0 1 1 1 1 1 1 1 0 1 1 0 1 1 1 0 0 0.1 0.1 0 0 1 1 }
 { 0 0 0 0 0 0 0 0 0 0 0 0 0 0 0 0 0 1 0 1 0 0 0.1 0.1 0 0 0 0 }
 { 0 0 0 0 0 0 0 0 1 0 0 0 0 0 0 0 0 0 0 0 0 0 0.1 0.1 0 0 0 0 }
 { 1 0 0 0 0 0 0 0 0 0 0 0 0 0 0 0 0 0 0 0 0 0 0.1 0.1 0 0 0 0 }
 { 0 0 0 0 0 0 0 0 0 1 0 0 0 0 0 0 0 1 0 1 0 1 0.1 0.1 0 1 1 0 }
 { 0.1 0.1 0 0 0 0.1 0 1 1 1 1 0 1 1 0.1 0.1 1 1 1 0 1 0 1 0 1 1 1 0 }
 { 0.1 0.1 0 0 1 0.1 0 0 0 0 0 0 1 0 0.1 0.1 0 0 0 0 0 0 0 0 0 0 0 0 }
 { 0.1 0.1 0 0 0 0.1 0 1 1 0 1 1 1 1 0.1 0.1 1 1 0 0 0 0 1 0 1 0 1 0 }
 { 0.1 0.1 1 0 1 0.1 1 1 1 1 1 1 1 1 0.1 0.1 1 1 1 1 1 1 1 1 1 1 1 1 }
 { 0.1 0.1 0 0 0 0.1 0 0 1 1 0 0 1 0 0.1 0.1 0 0 1 0 0 0 0 0 0 0 0 0 }
 { 0.1 0.1 0 0 0 0.1 0 0 0 0 0 0 1 0 0.1 0.1 0 1 1 1 0 0 0 1 0 0 1 1 }
 { 0.1 0.1 0 0 0 0.1 0 0 0 0 0 0 0 0 0.1 0.1 0 0 0 0 0 0 0 0 0 0 0 0 }
 { 0.1 0.1 0 0 0 0.1 0 0 0 0 1 0 0 0 0.1 0.1 0 0 1 0 0 0 0 0 0 0 0 0 }
 { 0.1 0.1 0 0 0 0.1 0 0 0 0 0 0 0 0 0.1 0.1 0 0 0 0 0 0 0 0 0 0 0 0 }
 { 0.1 0.1 0 0 0 0.1 0 0 0 0 1 0 0 0 0.1 0.1 0 0 0 0 1 0 0 0 1 0 0 0 }
 { 0.1 0.1 0 0 0 0.1 0 0 0 0 0 0 0 0 0.1 0.1 0 0 1 0 0 0 0 0 0 0 0 0 }
 { 0.1 0.1 0 0 0 0.1 0 0 1 0 0 0 0 0 0.1 0.1 0 1 0 0 1 0 0 0 1 0 0 0 }
 { 0.1 0.1 1 0 0 0.1 0 0 0 0 1 0 0 0 0.1 0.1 0 0 0 0 0 0 0 0 0 0 0 0 }
 { 0.1 0.1 0 0 0 0.1 0 1 0 0 1 0 1 0 0.1 0.1 0 1 0 1 0 0 0 0 1 0 1 0 }
 { 0.1 0.1 0 0 0 0.1 0 0 1 0 0 1 1 1 0.1 0.1 0 0 0 0 0 0 0 0 0 0 0 0 }
 { 0.1 0.1 0 1 0 0.1 0 0 1 0 0 0 0 0 0.1 0.1 0 0 0 0 0 0 0 0 0 0 0 0 }
 { 0.1 0.1 1 0 1 0.1 1 1 1 0 1 0 0 0 0.1 0.1 1 1 0 1 1 0 0 0 1 0 1 0 }
 { 0.1 0.1 0 0 0 0.1 0 0 0 0 0 0 0 0 0.1 0.1 0 0 0 0 0 0 0 0 0 0 0 0 }
 { 0.1 0.1 0 0 0 0.1 0 0 0 0 0 0 0 0 0.1 0.1 0 0 0 1 0 0 0 0 0 0 0 0 }
 { 0.1 0.1 0 0 0 0.1 0 0 0 0 1 0 0 0 0.1 0.1 1 0 0 0 0 0 0 0 0 0 0 0 }
 { 0.1 0.1 0 0 0 0.1 0 0 1 0 0 0 0 0 0.1 0.1 0 0 0 1 0 0 0 0 0 0 0 1 }



 [Entering function Reading_MacKenzie_Generic_Matrix_nFactors_from_File(...)]
 Reading File Zoo_MacKenzie.dat...
End of Line: 10	 Tab Separator: 9
 A 42 species File (Zoo_MacKenzie.dat)
 with 8 sampling times (No_of_TIMES) has been read successfully
 [Exiting function Reading_MacKenzie_Generic_Matrix_from_File(...)]

 Atoll Zoo	 TOTAL No of TRANSECTS = 28
 No of SAMPLING TIMES = 8	 Time(No of Transects) = { 2000(2)  2001(4)  2002(4)  2003(4)  2010(2)  2011(4)  2012(4)  2013(4) }
 { 0 0 0 0 0 0.1 0 0 0 0 0 1 0 0 1 1 1 1 0 1 0 0 0 0 1 1 0 0 }
 { 0 0 1 0 0 0.1 0 0 0 0 0 0 0 0 0 0 0 0 0 0 0 0 0 0 0 0 0 0 }
 { 0 0 0 0 0 0.1 0 0 0 0 0 0 1 1 0 0 0 0 0 0 0 0 0 0 1 0 0 0 }
 { 0 0 1 0 0 0.1 1 0 0 0 0 0 1 1 0 0 0 0 0 0 0 0 0 0 0 0 0 0 }
 { 0 0 0 0 0 0.1 1 0 0 0 0 0 0 0 1 0 1 1 1 1 1 0 1 0 1 0 1 0 }
 { 1 0 0 0 0 0.1 0 0 0 0 1 1 1 1 0 0 0 1 1 0 0 0 0 0 0 0 0 0 }
 { 1 1 1 1 1 0.1 1 1 1 1 1 1 1 1 1 1 1 1 1 1 1 1 1 1 1 1 1 1 }
 { 1 0 0 0 0 0.1 1 1 0 0 1 0 1 1 1 0 1 1 1 1 1 0 0 0 1 0 1 0 }
 { 0 0 1 0 0 0.1 0 0 1 1 1 0 1 1 0 0 1 0 0 1 0 0 1 0 0 0 1 0 }
 { 0 0 0 0 0 0.1 0 0 0 0 0 0 1 0 0 0 0 0 0 0 1 1 1 0 1 1 1 0 }
 { 0 0 1 0 0 0.1 1 1 0 0 1 1 1 1 1 1 0 1 1 0 1 0 1 0 1 1 1 1 }
 { 1 0 1 1 1 0.1 0 0 1 1 1 1 0 1 1 1 1 0 0 1 1 0 0 1 1 0 0 1 }
 { 0 0 0 0 1 0.1 0 0 1 1 0 0 0 0 0 0 0 0 0 0 0 0 0 0 0 0 0 0 }
 { 0 0 0 0 0 0.1 0 0 0 0 0 0 0 0 0 0 0 0 0 0 0 0 0 0 0 0 0 0 }
 { 0 0 0 0 0 0 1 0 0 0 1 1 0 0 1 0 1 1 1 1 0 0 0.1 0.1 0 0 0 0 }
 { 1 0 0 0 0 0 0 0 0 0 0 0 0 1 0 0 0 1 0 0 0 0 0.1 0.1 0 0 0 0 }
 { 1 0 0 0 0 0 0 0 0 1 0 0 0 1 0 0 0 0 1 1 1 0 0.1 0.1 1 0 1 1 }
 { 0 0 1 0 0 0 0 0 1 0 1 0 1 1 0 0 0 0 0 0 0 0 0.1 0.1 0 0 0 0 }
 { 1 0 0 1 0 0 1 1 0 0 1 0 1 0 1 0 0 1 1 1 1 0 0.1 0.1 1 0 0 0 }
 { 0 1 0 1 0 0 0 1 0 0 1 1 0 0 0 1 0 1 1 1 1 0 0.1 0.1 1 0 0 0 }
 { 1 1 1 1 0 1 1 1 1 1 1 1 1 1 1 1 0 1 1 1 1 1 0.1 0.1 1 1 1 1 }
 { 1 0 0 0 0 0 1 1 1 1 1 1 1 0 1 0 1 1 1 1 1 0 0.1 0.1 1 0 1 0 }
 { 1 1 1 1 0 0 0 1 0 0 1 0 0 0 0 0 0 0 0 0 0 0 0.1 0.1 0 0 0 0 }
 { 0 0 0 0 0 0 0 1 0 0 0 0 0 0 0 0 0 0 0 0 0 1 0.1 0.1 0 1 0 0 }
 { 1 0 1 0 0 0 1 1 1 1 1 1 1 0 1 1 1 1 1 1 1 0 0.1 0.1 1 0 0 0 }
 { 0 1 0 0 0 0 0 0 1 1 0 0 1 1 0 0 0 0 0 1 1 0 0.1 0.1 1 1 0 0 }
 { 0 0 0 0 0 0 0 0 0 0 0 0 0 0 0 0 0 0 0 0 0 0 0.1 0.1 0 0 0 0 }
 { 0 0 0 0 0 0 0 0 0 0 0 0 1 0 1 0 0 1 1 1 0 0 0.1 0.1 0 0 0 0 }
 { 0.1 0.1 0 0 0 0.1 0 0 1 0 0 0 1 0 0.1 0.1 1 0 1 1 0 0 0 0 1 0 0 0 }
 { 0.1 0.1 0 0 0 0.1 0 1 1 0 1 1 1 0 0.1 0.1 0 0 0 0 0 0 0 0 0 0 0 0 }
 { 0.1 0.1 0 0 1 0.1 0 0 0 0 0 0 0 0 0.1 0.1 0 1 1 1 0 0 0 0 0 0 0 0 }
 { 0.1 0.1 1 0 1 0.1 0 1 0 0 1 1 1 0 0.1 0.1 0 0 0 0 0 0 0 0 0 0 1 0 }
 { 0.1 0.1 0 0 1 0.1 0 0 1 1 1 1 1 1 0.1 0.1 1 1 1 1 1 1 1 1 1 1 1 1 }
 { 0.1 0.1 0 1 0 0.1 0 0 0 0 1 1 1 0 0.1 0.1 0 1 1 1 0 0 0 0 0 0 0 0 }
 { 0.1 0.1 1 1 1 0.1 1 1 1 1 1 1 1 1 0.1 0.1 0 1 1 1 1 1 1 1 1 1 1 1 }
 { 0.1 0.1 0 1 1 0.1 0 1 1 1 0 1 1 1 0.1 0.1 1 1 1 1 1 1 1 0 1 1 1 0 }
 { 0.1 0.1 1 1 1 0.1 0 0 1 1 0 1 0 1 0.1 0.1 0 0 0 1 0 1 0 0 0 1 0 0 }
 { 0.1 0.1 0 0 0 0.1 0 0 1 0 1 0 1 0 0.1 0.1 1 1 1 1 1 0 1 0 1 1 1 0 }
 { 0.1 0.1 1 1 1 0.1 1 1 1 1 1 1 1 1 0.1 0.1 1 1 1 1 1 1 0 0 1 1 1 0 }
 { 0.1 0.1 0 1 1 0.1 0 0 0 0 0 0 0 1 0.1 0.1 0 0 1 1 1 1 0 0 1 1 0 0 }
 { 0.1 0.1 0 0 0 0.1 0 0 0 1 0 0 0 0 0.1 0.1 0 0 0 0 0 0 0 0 0 0 0 0 }
 { 0.1 0.1 0 0 0 0.1 0 0 0 0 0 0 0 0 0.1 0.1 0 1 0 1 0 0 1 0 0 0 1 0 }


 Parameter Space Boundaries for heuristic searches:
 Full potential dimension is 4: the colonization-extinction plane
 ---> Parameter Key 0: [C_0 = 0, C_1 = 10]
 ---> Parameter Key 1: [E_0 = 0, E_1 = 10]
 ---> Parameter Key 2: [D_0 = 0.01, D_1 = 0.99]
 ---> Parameter Key 3: [P_0 = 0.01, P_1 = 0.99]
Number of Columns: 28
 Data structure for the 0-th elemental group (Alg) is done

 Data structure for the 1-th elemental group (Col) is done

 Data structure for the 2-th elemental group (Mac) is done

 Data structure for the 3-th elemental group (Mic) is done

 Data structure for the 4-th elemental group (Omn) is done

 Data structure for the 5-th elemental group (Pis) is done

 Data structure for the 6-th elemental group (Zoo) is done

 Group 0 (Alg):  NLL (Col = 0.541453, Ext = 0.169087, Dtc = 0.599121, P_0 = 0.66026) = 1399.03
 Group 1 (Col):  NLL (Col = 0.366733, Ext = 0.216952, Dtc = 0.498692, P_0 = 0.531465) = 817.112
 Group 2 (Mac):  NLL (Col = 0.31876, Ext = 0.243379, Dtc = 0.464788, P_0 = 0.597398) = 1591.14
 Group 3 (Mic):  NLL (Col = 0.332624, Ext = 0.20241, Dtc = 0.501611, P_0 = 0.589277) = 849.614
 Group 4 (Omn):  NLL (Col = 0.205636, Ext = 0.161634, Dtc = 0.515575, P_0 = 0.530771) = 323.433
 Group 5 (Pis):  NLL (Col = 0.366642, Ext = 0.318212, Dtc = 0.372337, P_0 = 0.454732) = 712.66
 Group 6 (Zoo):  NLL (Col = 0.405245, Ext = 0.183567, Dtc = 0.557803, P_0 = 0.644177) = 619.948
 About to enter the upgma clustering algorithm...
 Just out from the upgma clustering algorithm...
Partition: 0-th: Group 0-th: NLL (C = 0.35078, E = 0.215078, D = 0.511296, P = 0.565679) = 6395.98
Partition: 1-th: Group 0-th: NLL (C = 0.327637, E = 0.229393, D = 0.481403, P = 0.547742) = 4949.48
Partition: 1-th: Group 1-th: NLL (C = 0.541453, E = 0.169087, D = 0.599121, P = 0.66026) = 1399.03
Partition: 2-th: Group 0-th: NLL (C = 0.330598, E = 0.2225, D = 0.49975, P = 0.611306) = 4216.12
Partition: 2-th: Group 1-th: NLL (C = 0.366642, E = 0.318212, D = 0.372337, P = 0.454732) = 712.66
Partition: 2-th: Group 2-th: NLL (C = 0.541453, E = 0.169087, D = 0.599121, P = 0.66026) = 1399.03
Partition: 3-th: Group 0-th: NLL (C = 0.340665, E = 0.221606, D = 0.497051, P = 0.583396) = 3889.4
Partition: 3-th: Group 1-th: NLL (C = 0.205636, E = 0.161634, D = 0.515575, P = 0.530771) = 323.433
Partition: 3-th: Group 2-th: NLL (C = 0.366642, E = 0.318212, D = 0.372337, P = 0.454732) = 712.66
Partition: 3-th: Group 3-th: NLL (C = 0.541453, E = 0.169087, D = 0.599121, P = 0.66026) = 1399.03
Partition: 4-th: Group 0-th: NLL (C = 0.335084, E = 0.228293, D = 0.482604, P = 0.571582) = 3261.33
Partition: 4-th: Group 1-th: NLL (C = 0.405245, E = 0.183567, D = 0.557803, P = 0.644177) = 619.948
Partition: 4-th: Group 2-th: NLL (C = 0.205636, E = 0.161634, D = 0.515575, P = 0.530771) = 323.433
Partition: 4-th: Group 3-th: NLL (C = 0.366642, E = 0.318212, D = 0.372337, P = 0.454732) = 712.66
Partition: 4-th: Group 4-th: NLL (C = 0.541453, E = 0.169087, D = 0.599121, P = 0.66026) = 1399.03
Partition: 5-th: Group 0-th: NLL (C = 0.320856, E = 0.229861, D = 0.477466, P = 0.591639) = 2443.06
Partition: 5-th: Group 1-th: NLL (C = 0.366733, E = 0.216952, D = 0.498692, P = 0.531465) = 817.112
Partition: 5-th: Group 2-th: NLL (C = 0.405245, E = 0.183567, D = 0.557803, P = 0.644177) = 619.948
Partition: 5-th: Group 3-th: NLL (C = 0.205636, E = 0.161634, D = 0.515575, P = 0.530771) = 323.433
Partition: 5-th: Group 4-th: NLL (C = 0.366642, E = 0.318212, D = 0.372337, P = 0.454732) = 712.66
Partition: 5-th: Group 5-th: NLL (C = 0.541453, E = 0.169087, D = 0.599121, P = 0.66026) = 1399.03
Partition: 6-th: Group 0-th: NLL (C = 0.31876, E = 0.243379, D = 0.464788, P = 0.597398) = 1591.14
Partition: 6-th: Group 1-th: NLL (C = 0.332624, E = 0.20241, D = 0.501611, P = 0.589277) = 849.614
Partition: 6-th: Group 2-th: NLL (C = 0.366733, E = 0.216952, D = 0.498692, P = 0.531465) = 817.112
Partition: 6-th: Group 3-th: NLL (C = 0.405245, E = 0.183567, D = 0.557803, P = 0.644177) = 619.948
Partition: 6-th: Group 4-th: NLL (C = 0.205636, E = 0.161634, D = 0.515575, P = 0.530771) = 323.433
Partition: 6-th: Group 5-th: NLL (C = 0.366642, E = 0.318212, D = 0.372337, P = 0.454732) = 712.66
Partition: 6-th: Group 6-th: NLL (C = 0.541453, E = 0.169087, D = 0.599121, P = 0.66026) = 1399.03
 Partition 0-th: Number of estimated parameters: 2
{ Alg Col Mac Mic Omn Pis Zoo } 
 NLL = 6395.98	 AIC = 12800	AIC (corrected) = 12800	 AIC_d = 127.065	 AIC_w = 2.28958e-28
 Partition 1-th: Number of estimated parameters: 4
{ Pis Omn Zoo Col Mic Mac } { Alg } 
 NLL = 6348.51	 AIC = 12713	AIC (corrected) = 12713	 AIC_d = 40.138	 AIC_w = 1.72084e-09
 Partition 2-th: Number of estimated parameters: 6
{ Omn Zoo Col Mic Mac } { Pis } { Alg } 
 NLL = 6327.81	 AIC = 12679.6	AIC (corrected) = 12679.7	 AIC_d = 6.76032	 AIC_w = 0.030451
 Partition 3-th: Number of estimated parameters: 8
{ Zoo Col Mic Mac } { Omn } { Pis } { Alg } 
 NLL = 6324.52	 AIC = 12681	AIC (corrected) = 12681.1	 AIC_d = 8.2052	 AIC_w = 0.014786
 Partition 4-th: Number of estimated parameters: 10
{ Col Mic Mac } { Zoo } { Omn } { Pis } { Alg } 
 NLL = 6316.4	 AIC = 12672.8	AIC (corrected) = 12672.9	 AIC_d = 0	 AIC_w = 0.894514
 Partition 5-th: Number of estimated parameters: 12
{ Mic Mac } { Col } { Zoo } { Omn } { Pis } { Alg } 
 NLL = 6315.24	 AIC = 12678.5	AIC (corrected) = 12678.6	 AIC_d = 5.72704	 AIC_w = 0.0510477
 Partition 6-th: Number of estimated parameters: 14
{ Mac } { Mic } { Col } { Zoo } { Omn } { Pis } { Alg } 
 NLL = 6312.93	 AIC = 12681.9	AIC (corrected) = 12682	 AIC_d = 9.1538	 AIC_w = 0.00920162

End of progam
