
 [Entering function Reading_MacKenzie_Generic_Matrix_nFactors_from_File(...)]
 Reading File Agatti_MacKenzie.dat...
End of Line: 10	 Tab Separator: 9
 A 156 species File (Agatti_MacKenzie.dat)
 with 8 sampling times (No_of_TIMES) has been read successfully
 [Exiting function Reading_MacKenzie_Generic_Matrix_from_File(...)]

 Atoll Agatti	 TOTAL No of TRANSECTS = 27
 No of SAMPLING TIMES = 8	 Time(No of Transects) = { 2000(2)  2001(3)  2002(4)  2003(4)  2010(2)  2011(4)  2012(4)  2013(4) }
 { 1 1 1 0 1 1 1 0 0 1 1 0 1 0 0 1 1 1 1 1 1 1 1 1 1 1 1 }
 { 1 1 1 0 0 1 1 1 0 1 0 1 1 1 1 1 1 1 1 1 1 1 0 1 1 1 0 }
 { 1 1 1 0 0 0 1 1 0 0 0 0 0 1 1 0 0 0 1 0 0 0 0 0 0 1 0 }
 { 0 0 0 0 0 0 0 0 0 1 0 0 1 1 1 0 1 1 1 0 0 0 0 0 0 1 0 }
 { 0 0 0 0 0 0 0 0 0 0 1 0 0 1 1 1 1 0 1 0 0 0 0 1 1 0 0 }
 { 1 1 0 1 1 0 0 1 1 0 1 0 0 0 1 0 0 0 1 0 0 0 0 0 0 0 0 }
 { 0 0 0 0 0 0 0 0 0 0 0 0 0 1 1 0 0 0 0 0 0 0 0 0 0 0 0 }
 { 0 0 0 0 0 0 1 0 0 0 0 0 0 0 1 0 0 1 0 1 1 0 0 1 1 1 0 }
 { 0 0 0 0 0 0 0 0 0 0 0 0 0 0 0 0 0 0 1 0 0 0 0 0 0 0 0 }
 { 0 0 0 0 0 1 0 0 0 0 0 0 0 0 1 0 0 0 0 0 0 0 0 0 0 0 0 }
 { 0 0 0 0 0 0 0 0 0 0 0 1 1 0 1 0 0 1 1 1 0 0 0 1 0 0 0 }
 { 0 0 0 0 0 0 0 0 0 0 0 0 0 1 1 1 0 0 0 0 0 1 0 0 0 1 0 }
 { 0 0 0 1 1 1 0 1 0 1 0 0 0 0 0 0 0 0 0 0 0 0 0 0 0 0 0 }
 { 0 0 0 0 0 0 0 0 0 0 0 0 0 1 1 0 0 0 1 0 0 0 0 0 0 0 0 }
 { 1 1 1 1 1 1 1 1 1 1 1 1 1 1 1 1 1 1 1 1 1 1 1 1 1 1 1 }
 { 0 0 0 0 0 1 1 0 0 1 0 0 0 1 1 1 0 0 0 1 0 0 0 1 0 0 0 }
 { 0 0 0 0 1 1 0 0 0 0 0 0 0 1 0 0 0 1 1 0 0 0 0 0 0 0 0 }
 { 0 0 0 0 0 0 0 0 0 0 0 0 0 0 1 1 0 0 1 0 1 0 0 0 1 0 0 }
 { 1 1 0 1 1 0 0 0 0 0 0 0 0 1 0 1 0 0 1 0 0 0 0 0 1 0 0 }
 { 0 0 1 0 0 0 0 0 0 0 0 0 0 0 0 0 0 0 0 0 0 0 0 0 0 0 0 }
 { 0 0 0 0 0 0 0 0 0 0 0 1 1 0 0 0 0 0 0 0 0 0 0 1 0 0 0 }
 { 0 0 1 0 0 1 0 0 0 0 0 1 1 0 0 0 0 0 0 0 0 0 0 0 0 0 0 }
 { 0 0 0 0 0 0 0 0 0 0 0 0 0 0 0 0 0 0 1 0 0 0 0 0 0 0 0 }
 { 1 0 0 0 1 0 0 0 1 0 0 0 1 0 0 0 0 0 0 0 0 0 0 0 0 0 0 }
 { 0 0 0 0 0 1 0 1 0 1 0 1 0 0 0 1 0 0 0 0 0 0 0 0 0 0 1 }
 { 1 1 0 0 0 0 0 0 0 1 1 1 1 0 0 1 1 1 1 0 0 0 1 0 0 0 1 }
 { 1 1 1 0 1 1 1 0 0 1 0 1 1 1 1 1 1 1 1 1 1 1 0 1 1 1 0 }
 { 0 0 0 0 0 1 0 1 1 0 0 0 0 0 1 0 0 0 0 1 0 0 0 1 0 0 0 }
 { 0 0 0 0 0 0 0 0 0 1 1 0 1 1 0 0 0 1 1 0 0 0 1 0 0 0 1 }
 { 0 0 0 0 0 1 0 0 0 1 1 1 1 0 1 0 0 0 1 0 0 0 0 1 0 1 0 }
 { 1 1 1 0 1 0 1 1 1 1 1 1 1 1 1 0 1 1 1 0 0 0 0 1 0 0 1 }
 { 0 0 0 0 0 1 1 0 0 0 0 0 0 0 0 0 0 1 1 1 1 0 0 1 1 0 0 }
 { 1 1 1 1 1 1 1 1 0 1 1 1 1 1 1 0 1 1 1 0 0 0 0 0 0 0 0 }
 { 0 0 0 0 0 1 0 0 0 0 0 0 0 1 1 1 0 0 1 0 0 0 0 0 0 0 0 }
 { 1 0 0 0 1 0 0 0 0 0 1 0 0 1 1 1 0 1 1 0 0 0 0 0 0 0 0 }
 { 0 0 0 0 1 0 1 0 0 1 0 0 0 0 1 0 1 0 1 0 1 0 0 0 1 0 0 }
 { 1 0 1 1 0 0 1 1 1 1 1 0 0 0 1 1 0 0 1 0 0 0 0 1 0 0 0 }
 { 0 0 0 0 0 0 0 0 0 0 0 0 1 0 0 0 0 1 0 0 0 1 0 1 0 1 0 }
 { 0 0 1 1 0 1 1 0 0 1 1 0 1 0 0 1 1 0 0 1 0 0 0 1 0 0 0 }
 { 0 0 0 0 0 1 0 0 0 0 0 0 0 0 0 0 0 0 1 0 0 0 0 0 0 0 0 }
 { 1 0 1 1 1 1 1 1 0 1 1 1 1 1 1 0 1 1 1 0 1 0 0 0 1 1 1 }
 { 0 0 0 0 0 0 0 0 0 0 0 0 0 0 0 0 0 0 0 0 0 0 0 0 0 0 0 }
 { 0 0 0 0 0 0 0 0 0 1 0 0 1 1 0 0 1 1 1 0 0 0 0 0 0 0 0 }
 { 0 0 0 0 1 0 0 1 0 0 0 0 1 1 1 0 0 1 1 0 0 0 0 0 0 0 0 }
 { 1 0 1 1 1 0 1 1 0 1 1 1 1 1 1 1 1 1 1 0 1 1 0 0 1 1 0 }
 { 0 0 0 0 1 0 0 0 0 1 0 0 0 0 0 0 0 0 0 0 0 0 0 0 0 0 0 }
 { 0 1 0 0 1 0 1 1 0 1 0 1 1 0 0 0 0 1 1 1 1 1 1 1 1 1 1 }
 { 0 1 1 0 1 1 1 0 1 0 0 0 0 0 0 0 1 0 1 1 0 0 1 1 1 1 1 }
 { 0 0 0 0 0 0 0 0 0 0 0 0 0 0 1 0 0 0 1 0 0 0 0 0 0 0 0 }
 { 1 1 1 0 0 0 0 1 0 0 0 0 1 1 1 0 0 0 0 0 0 0 0 0 0 0 0 }
 { 0 0 1 0 0 1 0 1 0 1 0 1 1 1 1 0 0 1 0 1 0 1 0 1 0 1 1 }
 { 0 0 1 0 0 0 0 0 0 0 0 0 0 0 0 0 0 0 0 0 0 0 0 0 0 0 0 }
 { 0 0 0 0 0 0 0 0 0 0 0 1 0 0 0 0 0 0 0 0 0 0 0 0 0 1 1 }
 { 0 1 1 0 1 0 1 0 0 1 1 1 1 1 1 1 1 1 1 1 1 1 1 1 1 1 1 }
 { 0 0 0 0 0 0 0 0 0 1 0 1 0 1 1 0 1 1 1 0 0 0 0 0 0 0 0 }
 { 0 0 1 0 0 0 0 0 0 0 1 0 0 0 0 0 1 0 1 0 0 0 1 1 1 0 1 }
 { 1 1 1 0 1 1 1 1 1 1 1 1 1 1 1 1 1 1 1 1 1 1 1 1 1 1 1 }
 { 0 0 0 0 1 0 0 0 0 0 1 0 0 0 0 0 0 0 1 0 0 0 0 0 0 0 0 }
 { 0 0 0 0 0 0 0 0 0 1 0 0 0 0 0 0 0 0 0 0 0 0 0 0 0 0 0 }
 { 0 0 0 0 0 0 1 0 0 0 0 0 1 1 0 1 0 1 1 0 1 0 1 0 1 0 1 }
 { 0 0 0 0 0 0 0 0 0 1 0 0 0 0 0 0 0 0 0 0 0 0 0 0 0 0 0 }
 { 0 0 0 0 0 0 0 0 0 0 0 0 0 0 0 0 0 0 0 0 0 0 0 0 0 0 0 }
 { 0 0 0 0 0 0 0 0 0 0 0 0 1 0 0 0 0 0 0 0 0 0 0 0 0 1 0 }
 { 0 1 0 0 0 0 0 0 0 0 0 0 0 0 1 0 0 0 0 0 0 1 0 0 0 1 0 }
 { 0 0 0 1 0 0 0 0 0 0 0 0 0 0 0 0 0 0 0 0 0 0 0 0 0 0 0 }
 { 1 0 0 0 0 1 0 0 0 0 0 0 1 1 0 1 1 1 1 0 1 0 0 0 1 1 0 }
 { 1 1 1 1 1 1 1 1 0 1 1 0 1 1 1 1 1 1 1 0 0 0 1 0 1 1 1 }
 { 0 0 0 0 0 0 0 0 0 0 0 0 0 1 0 0 0 0 0 0 0 0 0 0 0 0 0 }
 { 0 1 0 0 0 1 0 0 0 0 0 0 0 0 0 0 0 0 0 0 0 0 0 0 0 0 0 }
 { 1 1 1 0 1 1 1 1 0 1 1 1 1 1 1 1 1 1 1 0 0 0 1 1 1 0 1 }
 { 1 0 0 0 0 0 0 1 1 1 1 0 1 0 0 0 0 0 0 0 0 0 0 0 0 0 0 }
 { 1 1 0 1 0 0 0 0 0 0 0 0 0 1 1 0 1 0 1 0 0 0 0 0 0 0 1 }
 { 0 1 0 0 0 0 0 0 0 1 1 1 0 1 1 0 0 1 0 0 0 0 0 0 0 0 0 }
 { 1 0 1 0 0 0 0 0 0 1 1 0 1 1 0 0 1 1 1 0 0 0 0 0 0 0 0 }
 { 1 0 0 0 0 1 1 0 0 0 0 0 1 0 0 0 1 0 1 0 1 0 0 1 1 0 0 }
 { 0 0 0 0 0 1 0 0 0 0 0 0 0 1 0 1 1 1 1 1 0 1 0 1 0 1 0 }
 { 0 0 0 0 0 0 0 0 0 0 0 0 0 0 0 0 0 0 0 0 0 0 0 0 0 0 0 }
 { 0 0 0 0 0 0 0 0 0 0 0 0 0 0 0 0 0 0 0 0 0 1 0 0 0 1 0 }
 { 0 0 0 0 0 0 0 0 0 0 0 0 0 0 0 0 0 0 0 0 0 0 0 0 0 0 0 }
 { 0 0 0 0 0 0 0 0 0 0 0 0 0 0 0 0 0 0 1 0 0 0 0 0 0 0 0 }
 { 0 0 0 0 0 0 0 0 0 1 0 0 0 0 0 0 0 0 0 0 0 0 0 0 0 0 0 }
 { 0 0 0 0 0 0 0 0 0 0 0 0 0 0 0 0 0 0 0 0 0 0 0 0 0 0 0 }
 { 0 0 0 0 0 0 0 0 0 0 0 0 0 0 0 0 0 0 0 0 0 0 0 0 0 0 0 }
 { 0 0 0 0 0 1 0 0 0 1 0 1 0 0 1 0 0 1 1 1 0 0 0 1 0 1 0 }
 { 0 0 0 0 0 0 0 0 0 1 0 0 0 0 0 0 0 0 0 0 0 0 0 0 0 0 0 }
 { 0 0 1 0 0 1 1 0 0 0 0 1 1 1 0 0 0 1 1 0 0 0 0 1 0 1 0 }
 { 0 0 0 0 0 0 0 0 0 0 0 1 0 0 0 0 0 0 0 0 0 0 0 0 0 0 0 }
 { 1 0 0 0 0 0 0 0 0 1 1 1 1 0 0 0 1 1 0 0 0 0 0 0 0 0 0 }
 { 0 0 1 0 0 0 0 0 0 0 0 0 0 0 0 0 1 0 0 0 0 0 0 0 0 0 0 }
 { 1 1 1 1 1 1 1 1 1 1 1 1 1 1 1 1 1 1 1 1 1 1 1 1 1 1 1 }
 { 1 0 0 0 0 1 1 0 0 1 0 1 1 1 0 1 1 1 1 1 0 0 0 1 0 1 0 }
 { 0 0 1 0 1 0 0 0 0 0 0 0 0 0 0 0 0 0 0 0 0 0 0 0 0 0 0 }
 { 0 0 0 0 0 0 0 0 0 0 0 0 0 0 0 0 0 0 0 1 1 0 0 1 1 0 0 }
 { 0 0 0 0 0 0 0 0 0 1 0 0 0 1 0 0 1 0 1 0 0 1 0 0 0 1 1 }
 { 0 0 1 0 0 0 0 1 1 1 0 1 1 0 0 1 0 0 1 0 0 1 0 0 0 1 0 }
 { 0 0 0 0 0 0 0 0 0 0 0 1 0 0 0 0 0 0 0 1 1 1 0 1 1 1 0 }
 { 1 1 1 0 1 1 1 1 0 1 1 1 1 1 1 1 1 1 1 1 1 1 1 1 1 1 1 }
 { 1 0 1 0 0 0 0 0 0 1 0 1 1 1 0 0 0 0 1 0 0 0 0 0 0 0 0 }
 { 0 0 0 0 0 1 0 0 0 0 0 0 0 0 0 0 1 0 0 0 0 1 0 0 0 1 0 }
 { 0 0 1 0 0 1 1 0 0 1 1 1 1 1 1 0 1 1 0 1 0 1 0 1 1 1 1 }
 { 1 0 0 0 0 0 0 1 1 0 0 0 0 0 0 0 0 0 0 0 0 0 0 0 0 0 0 }
 { 1 0 1 1 1 0 0 1 1 1 1 0 1 1 1 1 0 0 1 1 0 0 1 1 0 0 1 }
 { 0 1 0 0 0 0 0 0 0 0 0 0 0 0 0 0 0 0 0 0 0 0 0 0 0 0 0 }
 { 0 0 0 0 0 0 0 0 0 0 0 0 1 1 1 0 0 1 1 0 0 0 0 0 0 0 0 }
 { 0 0 0 0 1 0 0 1 1 0 0 0 0 0 0 0 0 0 0 0 0 0 0 0 0 0 0 }
 { 0 0 0 0 1 0 0 0 1 1 0 0 0 0 1 0 0 0 0 0 0 0 0 0 0 0 0 }
 { 1 0 1 0 1 0 0 0 0 1 1 0 0 1 1 1 1 1 1 0 1 0 1 0 1 0 1 }
 { 1 1 1 1 1 1 1 1 1 1 1 1 1 1 1 1 1 1 1 0 0 0 1 1 1 0 1 }
 { 1 1 1 0 0 1 1 0 0 1 1 0 1 1 1 0 1 0 1 0 0 0 0 0 1 0 0 }
 { 0 1 1 0 1 1 1 1 0 0 1 1 1 0 0 1 0 0 1 0 0 0 0 0 0 0 0 }
 { 0 0 0 0 0 0 0 0 0 0 0 0 0 0 0 1 1 0 1 0 0 0 0 0 0 0 0 }
 { 0 0 0 0 0 0 0 0 0 0 0 0 0 1 0 0 0 0 0 0 0 0 0 0 0 0 0 }
 { 0 0 1 0 0 1 0 1 0 1 0 0 1 0 0 0 0 0 0 0 0 0 0 0 0 0 0 }
 { 1 0 1 0 0 0 0 0 1 1 0 0 0 0 0 0 0 0 1 0 0 0 0 1 0 0 0 }
 { 1 0 0 0 0 1 0 0 0 1 0 1 0 1 1 0 0 0 1 0 0 1 1 0 1 1 1 }
 { 0 0 0 0 1 1 0 0 0 1 0 0 0 0 0 0 0 1 0 1 0 0 0 1 0 0 0 }
 { 0 0 0 0 0 1 0 0 0 0 0 0 0 0 0 0 0 0 0 0 0 0 0 0 0 0 0 }
 { 0 0 0 0 0 0 0 0 0 0 1 0 0 1 0 0 0 0 0 0 0 0 0 0 0 0 1 }
 { 0 0 0 0 0 0 0 0 0 0 0 0 0 1 1 1 1 1 1 0 0 0 0 0 1 0 1 }
 { 0 0 0 0 0 0 0 0 0 0 0 0 0 0 0 1 0 1 1 0 0 0 0 0 0 0 0 }
 { 0 0 0 0 0 0 0 0 0 0 0 0 0 0 0 0 0 0 0 0 0 0 0 0 0 0 0 }
 { 0 0 0 0 0 1 0 0 0 1 0 1 0 1 0 1 0 0 1 1 0 0 0 1 0 1 0 }
 { 0 1 0 0 0 0 0 0 0 0 0 0 0 0 0 0 0 0 0 0 0 0 0 0 0 0 0 }
 { 0 1 0 1 1 0 0 1 1 0 0 0 0 0 0 0 0 0 0 0 0 0 0 0 0 0 0 }
 { 0 0 0 0 0 0 0 0 0 0 0 0 0 0 0 0 0 0 0 0 0 0 0 0 0 0 0 }
 { 0 1 0 0 0 0 0 0 0 0 0 0 0 0 0 0 0 1 1 0 0 0 0 0 1 0 0 }
 { 0 0 0 0 0 0 0 0 0 0 0 0 0 0 0 0 0 0 0 0 0 0 0 0 0 0 0 }
 { 1 1 1 1 0 0 0 1 0 0 0 0 0 0 0 0 1 0 1 0 0 0 0 0 0 0 0 }
 { 1 1 0 0 0 1 1 0 0 1 1 1 1 1 1 0 1 0 1 1 0 1 1 1 1 1 1 }
 { 1 0 0 0 0 0 0 1 0 1 0 1 0 1 0 1 0 1 1 0 0 0 0 0 1 1 1 }
 { 0 0 0 0 0 0 0 0 0 0 0 0 0 0 0 0 0 0 0 0 0 0 0 0 0 0 0 }
 { 0 0 0 0 0 1 0 0 0 1 0 1 0 1 1 1 1 1 1 1 0 1 0 1 0 1 0 }
 { 1 1 1 0 1 1 1 1 0 0 0 1 1 1 1 0 1 1 1 0 0 0 0 0 0 1 0 }
 { 0 0 0 0 0 0 0 0 0 0 0 0 0 0 0 0 0 0 1 0 0 0 0 1 1 0 1 }
 { 1 1 1 0 1 1 0 1 1 0 1 1 1 1 0 0 0 0 1 1 1 1 0 1 1 1 0 }
 { 1 0 1 0 1 0 1 0 0 0 0 0 0 0 1 0 0 0 1 0 0 0 0 0 0 0 0 }
 { 0 0 0 0 0 1 0 0 0 0 0 0 1 0 0 0 0 0 0 0 1 0 0 0 1 0 0 }
 { 0 0 1 0 0 0 0 0 0 0 0 0 0 0 0 0 0 0 0 0 0 0 0 0 0 0 0 }
 { 0 0 0 0 0 0 0 0 0 0 0 0 0 0 0 0 0 0 0 0 0 0 0 0 0 0 0 }
 { 0 0 0 0 1 0 0 0 0 0 0 1 0 0 1 0 0 0 0 0 0 0 0 0 0 0 0 }
 { 0 0 0 0 0 0 0 0 0 0 0 1 0 0 0 1 0 0 0 1 0 0 0 1 0 0 0 }
 { 0 0 0 0 0 0 0 0 0 0 0 0 0 0 0 0 1 0 1 0 0 0 0 0 0 0 0 }
 { 1 1 1 0 0 0 1 0 0 0 0 1 1 1 0 0 0 0 0 0 1 0 1 0 1 0 1 }
 { 0 0 0 0 0 0 0 0 0 0 0 0 0 1 1 0 0 0 1 0 0 0 0 0 0 0 0 }
 { 0 0 0 0 0 0 0 0 0 0 0 0 0 1 0 0 0 0 1 0 0 0 0 0 0 1 0 }
 { 1 1 1 0 1 1 1 0 0 1 0 0 1 1 1 1 1 1 1 1 1 0 1 1 1 0 1 }
 { 0 0 0 0 0 0 1 1 1 0 0 0 0 1 1 0 0 0 1 0 0 0 1 0 0 0 1 }
 { 0 1 1 1 1 0 0 0 0 1 1 0 1 0 1 0 0 0 0 0 0 0 0 0 0 0 0 }
 { 0 1 0 0 0 0 0 0 0 0 0 0 0 0 0 0 0 0 1 0 0 0 1 0 0 0 1 }
 { 1 1 1 1 1 1 1 1 1 1 1 0 1 1 1 0 1 0 1 0 0 0 0 0 0 0 1 }
 { 0 1 0 0 1 0 0 0 0 1 0 1 0 1 1 0 1 1 1 1 1 0 0 1 1 0 1 }
 { 0 0 0 0 0 0 1 1 0 0 0 0 0 0 0 0 0 0 0 0 0 0 0 1 0 0 0 }
 { 0 1 0 0 1 1 1 1 1 1 1 1 1 0 1 1 0 1 1 0 0 0 0 0 0 1 0 }
 { 1 1 1 0 1 1 0 0 0 1 0 1 1 1 1 1 1 1 1 1 1 1 0 1 1 1 1 }
 { 1 0 1 1 1 1 0 0 0 1 1 0 1 1 1 0 1 1 1 0 1 1 0 1 1 1 1 }
 { 0 0 0 0 1 0 0 1 0 0 1 0 0 1 1 0 0 1 0 0 0 1 0 0 0 1 0 }



 [Entering function Reading_MacKenzie_Generic_Matrix_nFactors_from_File(...)]
 Reading File Kadmath_MacKenzie.dat...
End of Line: 10	 Tab Separator: 9
 A 156 species File (Kadmath_MacKenzie.dat)
 with 8 sampling times (No_of_TIMES) has been read successfully
 [Exiting function Reading_MacKenzie_Generic_Matrix_from_File(...)]

 Atoll Kadmath	 TOTAL No of TRANSECTS = 26
 No of SAMPLING TIMES = 8	 Time(No of Transects) = { 2000(2)  2001(4)  2002(4)  2003(4)  2010(2)  2011(4)  2012(2)  2013(4) }
 { 1 1 0 1 1 0 1 0 0 0 0 1 1 0 0 1 0 1 1 1 0 1 1 1 1 1 }
 { 1 1 1 1 1 1 1 1 1 1 1 1 1 0 1 1 1 1 1 1 1 0 1 0 1 1 }
 { 1 0 1 1 1 1 0 1 1 0 1 1 0 0 0 0 0 1 1 1 0 0 0 0 0 1 }
 { 1 1 0 1 0 0 0 0 1 1 1 1 0 0 1 1 1 1 1 1 1 1 1 1 1 1 }
 { 0 0 0 0 0 0 1 0 0 0 1 1 0 0 1 0 1 1 1 1 0 0 0 0 0 0 }
 { 0 1 0 0 1 1 0 0 0 1 0 0 0 1 0 0 0 0 0 1 0 0 0 0 0 0 }
 { 0 0 0 0 0 0 0 0 0 0 0 0 1 0 0 0 0 0 0 1 1 1 1 1 0 0 }
 { 0 0 0 0 0 0 1 0 0 0 0 0 1 0 1 0 0 1 1 1 1 0 1 0 0 0 }
 { 0 0 0 0 0 0 0 0 0 0 0 0 0 0 0 0 0 0 0 0 0 0 0 0 0 0 }
 { 0 0 0 0 0 0 0 0 0 0 0 0 0 0 0 0 0 0 0 0 0 0 1 0 0 0 }
 { 0 0 0 0 0 0 0 0 0 0 0 0 0 0 1 1 0 1 0 0 0 1 1 1 0 0 }
 { 0 0 0 0 0 0 0 0 1 0 1 0 1 0 1 0 0 0 1 0 0 0 0 0 1 0 }
 { 0 0 0 0 0 0 0 0 1 0 0 0 0 0 0 0 0 0 0 0 0 0 0 0 0 0 }
 { 0 0 0 0 0 0 1 0 0 0 0 0 0 1 0 0 0 0 1 0 0 0 0 0 1 1 }
 { 1 1 1 1 1 1 1 1 1 1 1 1 1 1 1 1 1 1 1 1 0 1 1 1 1 1 }
 { 1 1 0 0 0 0 1 1 0 0 0 0 1 0 0 0 0 1 1 0 0 1 0 1 0 0 }
 { 1 1 0 0 0 0 0 0 0 0 0 0 0 0 0 0 1 0 0 1 0 0 0 0 0 0 }
 { 0 0 0 0 0 0 0 0 0 0 1 0 0 1 1 0 0 1 1 0 0 1 0 1 0 0 }
 { 1 1 0 1 0 0 1 0 0 0 0 0 0 0 0 1 0 0 1 1 0 1 0 1 1 0 }
 { 1 0 0 0 0 0 0 0 0 0 0 0 0 1 0 0 0 1 0 0 0 0 0 0 0 0 }
 { 1 0 0 0 0 0 0 0 0 1 0 0 0 1 0 0 0 0 1 1 1 0 1 0 1 1 }
 { 0 0 1 0 0 0 0 0 1 0 1 0 1 1 0 0 0 0 0 0 0 0 0 0 0 0 }
 { 0 0 0 0 0 0 0 0 0 1 0 0 0 0 0 0 0 0 0 0 0 0 0 0 0 0 }
 { 0 0 0 0 0 0 0 0 0 1 0 0 0 0 0 0 0 0 0 0 0 0 0 0 1 0 }
 { 0 0 0 0 0 0 1 1 1 0 1 0 0 0 1 0 0 0 1 0 0 0 0 0 0 0 }
 { 0 1 0 0 1 0 0 0 1 1 1 0 1 1 0 1 0 1 1 1 0 1 1 1 0 1 }
 { 1 1 0 1 1 1 1 1 1 1 1 1 1 1 1 1 0 1 1 1 1 1 1 1 1 1 }
 { 1 0 0 0 0 0 0 0 0 1 1 0 0 0 0 0 0 0 1 0 0 0 0 0 0 0 }
 { 0 0 0 0 0 0 0 0 0 0 0 0 0 1 0 0 0 0 0 1 0 0 0 1 0 0 }
 { 0 0 0 0 0 0 1 1 1 1 1 1 1 0 0 0 0 1 1 0 0 0 0 0 0 0 }
 { 1 1 0 1 1 0 1 1 1 1 1 1 1 1 1 0 1 1 1 1 1 0 1 1 0 0 }
 { 0 0 0 0 0 0 1 0 0 0 1 0 1 0 0 0 0 0 0 0 1 0 1 0 0 1 }
 { 0 0 1 1 0 0 0 0 0 0 0 0 0 1 0 0 0 1 1 1 0 1 0 1 0 0 }
 { 1 0 0 1 0 0 0 1 1 1 0 0 0 0 1 1 0 1 1 1 0 0 0 0 0 1 }
 { 0 1 0 0 0 0 1 0 0 0 0 0 0 0 0 0 0 1 0 0 0 0 0 0 0 1 }
 { 0 1 0 0 1 0 1 1 0 0 1 0 1 1 1 0 1 1 1 1 0 0 0 0 1 0 }
 { 0 0 0 0 0 0 0 0 1 1 0 0 0 1 0 0 0 0 0 0 0 1 0 1 0 0 }
 { 0 0 0 0 0 0 0 0 0 1 0 1 1 0 0 1 0 0 1 1 1 0 1 0 0 0 }
 { 0 1 0 0 0 0 0 0 0 0 0 0 0 0 0 0 0 0 0 0 0 0 0 0 0 0 }
 { 0 0 0 0 0 0 0 0 0 0 0 0 0 0 1 0 0 0 0 0 0 0 0 0 0 0 }
 { 1 1 0 0 0 0 1 0 1 0 1 0 0 0 1 1 1 1 1 1 0 0 0 1 0 0 }
 { 0 1 0 0 0 0 0 0 0 0 0 0 0 0 0 0 0 1 0 0 0 0 0 0 0 0 }
 { 0 0 0 0 0 0 0 0 0 0 0 0 0 0 0 0 0 1 0 0 0 0 0 0 0 0 }
 { 0 0 0 0 0 0 0 0 0 0 1 0 0 0 1 0 0 0 0 1 0 0 0 0 0 0 }
 { 0 1 0 0 1 0 0 0 0 1 1 0 1 1 1 1 0 1 1 1 0 1 0 1 0 0 }
 { 1 0 0 0 0 0 0 0 0 0 0 0 0 0 0 0 0 0 0 0 0 0 0 0 0 0 }
 { 1 1 0 1 1 1 0 1 1 1 1 0 1 1 1 1 0 1 1 1 1 0 1 0 0 1 }
 { 0 1 0 1 1 1 0 1 1 1 0 0 0 0 0 0 0 1 0 1 0 1 0 1 0 0 }
 { 0 0 0 0 0 0 0 1 0 0 0 0 0 0 0 0 0 1 0 1 0 0 0 0 0 0 }
 { 1 0 0 0 0 0 0 1 0 1 0 1 0 1 0 0 0 0 0 1 0 1 0 1 0 0 }
 { 0 0 0 1 0 0 1 1 1 1 1 1 1 1 0 0 1 1 1 1 1 0 1 0 1 1 }
 { 0 1 0 0 0 0 0 0 0 1 0 0 0 0 0 0 0 0 0 0 0 0 0 0 0 0 }
 { 0 0 0 1 0 0 0 0 0 0 1 0 1 0 0 0 0 0 0 0 0 1 0 1 0 0 }
 { 0 1 1 0 1 1 1 1 1 1 1 1 1 1 1 1 1 1 1 1 1 1 1 1 1 0 }
 { 1 1 0 1 0 0 0 1 1 1 0 1 1 1 1 1 0 1 1 0 1 0 1 0 0 0 }
 { 0 0 0 0 0 0 0 0 0 0 0 0 0 0 0 0 0 0 0 0 1 1 1 1 0 1 }
 { 1 1 1 1 1 1 1 1 1 1 1 1 1 1 1 0 0 1 1 1 1 0 1 1 1 1 }
 { 0 0 0 0 0 0 0 0 0 0 1 1 1 0 0 0 0 0 0 0 0 0 0 0 0 0 }
 { 0 0 0 0 0 0 0 0 0 0 0 0 0 0 0 0 0 0 0 0 0 0 0 0 0 0 }
 { 1 0 0 0 0 0 1 1 1 1 1 1 1 1 0 1 0 1 0 1 0 0 0 0 0 0 }
 { 0 0 0 0 0 0 0 0 0 0 0 0 0 1 0 0 0 0 0 0 0 0 0 0 0 0 }
 { 0 0 0 0 0 0 0 0 0 0 1 0 0 0 0 0 0 0 0 1 0 0 0 0 0 0 }
 { 0 1 0 0 0 0 0 0 0 0 0 1 0 0 0 0 0 0 1 0 0 0 0 0 0 0 }
 { 0 1 0 0 1 1 0 0 0 1 0 0 1 0 1 0 0 1 1 0 0 0 0 0 0 0 }
 { 0 0 0 0 0 0 0 0 0 0 0 0 0 0 0 0 0 0 0 0 0 0 0 0 0 0 }
 { 1 1 0 0 0 0 1 1 0 1 1 0 0 1 0 1 0 0 0 0 0 0 0 0 0 1 }
 { 1 1 1 1 1 1 1 1 1 1 1 1 1 1 1 1 0 1 1 1 0 1 1 1 1 0 }
 { 0 0 0 0 0 0 0 0 0 0 0 0 0 0 0 0 0 0 0 0 0 0 0 0 0 0 }
 { 0 0 0 0 0 0 0 1 0 1 0 0 0 0 0 0 0 0 0 0 0 0 0 0 0 0 }
 { 1 1 1 1 1 1 1 1 1 1 1 1 1 1 1 1 1 1 1 1 1 1 1 1 1 1 }
 { 1 1 0 0 0 0 0 0 0 0 0 0 0 0 0 0 0 1 0 0 0 0 0 0 0 0 }
 { 0 1 0 0 1 0 0 0 0 0 0 0 0 0 0 1 1 1 1 1 0 0 0 0 0 0 }
 { 1 1 0 0 1 1 0 1 0 0 0 0 0 0 1 1 0 0 1 0 1 0 1 0 0 0 }
 { 0 0 0 0 1 1 1 0 0 0 0 1 0 0 0 1 0 1 1 1 0 0 0 1 0 0 }
 { 0 1 0 1 1 1 1 1 1 0 1 1 0 0 0 0 0 1 1 1 0 0 0 0 0 0 }
 { 1 0 0 1 0 0 1 1 0 0 1 0 1 0 1 0 0 1 1 1 1 0 1 0 0 0 }
 { 0 0 0 0 0 0 0 0 0 1 0 0 1 0 0 0 0 0 1 0 0 0 0 0 0 0 }
 { 0 0 0 1 0 0 0 0 0 1 0 0 0 0 0 0 0 0 1 0 0 0 0 0 0 0 }
 { 0 0 0 0 0 0 0 0 0 0 0 0 0 0 0 0 0 0 1 1 0 0 0 0 1 1 }
 { 0 0 0 0 0 0 0 0 0 0 0 0 0 0 0 0 0 0 0 0 0 0 0 0 0 0 }
 { 0 0 0 0 0 0 1 1 0 0 1 1 0 0 1 0 0 0 1 1 0 0 0 0 1 0 }
 { 0 0 0 0 0 0 0 1 0 0 0 0 0 0 0 0 0 0 0 0 0 0 0 0 0 0 }
 { 0 0 0 0 0 0 1 0 0 0 0 0 0 0 0 0 0 0 0 0 0 0 0 0 0 0 }
 { 0 0 0 0 0 0 0 0 0 1 0 0 0 0 0 0 0 1 1 1 1 0 1 0 0 0 }
 { 1 0 0 0 1 0 0 0 1 1 0 0 1 0 0 0 0 0 1 1 0 0 0 0 1 0 }
 { 1 1 0 1 1 0 1 1 1 1 0 1 1 0 1 1 1 1 1 1 0 0 0 0 1 0 }
 { 0 1 0 1 0 0 1 0 0 0 0 0 0 0 1 1 0 0 1 0 0 0 0 0 0 0 }
 { 0 1 0 1 0 0 0 1 0 0 1 1 0 0 0 1 0 1 1 1 1 0 1 0 0 0 }
 { 0 0 0 0 0 0 0 0 0 0 0 0 0 0 0 0 0 1 0 0 0 0 0 0 1 0 }
 { 1 1 1 1 0 1 1 1 1 1 1 1 1 1 1 1 0 1 1 1 1 1 1 1 1 1 }
 { 1 0 0 0 0 0 1 1 1 1 1 1 1 0 1 0 1 1 1 1 1 0 1 0 1 0 }
 { 0 0 0 0 1 0 0 0 0 0 1 0 0 0 0 0 0 0 0 0 0 0 0 0 0 0 }
 { 1 0 0 0 0 0 0 0 0 0 0 1 0 0 1 0 0 1 0 0 1 0 1 0 0 0 }
 { 0 0 0 0 0 0 0 0 0 0 0 0 0 1 1 0 0 0 0 0 0 0 0 0 0 0 }
 { 1 1 1 1 0 0 0 1 0 0 1 0 0 0 0 0 0 0 0 0 0 0 0 0 0 0 }
 { 0 0 0 0 0 0 0 1 0 0 0 0 0 0 0 0 0 0 0 0 0 1 0 1 0 0 }
 { 1 0 0 1 0 0 1 1 1 1 1 1 1 1 1 1 0 1 1 1 1 1 1 1 1 0 }
 { 1 1 1 1 0 1 0 1 0 0 0 1 0 1 1 1 0 1 0 0 0 0 0 0 0 0 }
 { 0 0 0 0 0 0 0 0 0 0 0 0 0 0 0 0 0 0 0 1 0 0 0 0 0 0 }
 { 1 0 1 0 0 0 1 1 1 1 1 1 1 0 1 1 1 1 1 1 1 0 1 0 0 0 }
 { 0 0 0 0 0 0 0 0 0 0 0 1 0 0 0 0 0 0 0 1 1 0 1 0 0 0 }
 { 0 1 0 0 0 0 0 0 1 1 0 0 1 1 0 0 0 0 0 1 1 0 1 1 0 0 }
 { 0 0 0 0 0 0 0 0 0 0 0 0 0 0 0 0 0 0 0 0 0 0 0 0 0 0 }
 { 0 0 0 0 0 0 0 0 1 0 0 0 1 1 0 0 0 1 0 0 0 0 0 0 0 0 }
 { 0 0 0 0 0 0 0 0 0 0 0 0 0 0 0 0 0 0 0 0 0 0 0 0 0 0 }
 { 0 0 0 1 0 0 0 0 0 0 0 0 0 0 0 0 0 0 1 1 0 0 0 0 0 0 }
 { 0 0 0 0 0 0 1 1 0 1 0 1 1 1 1 1 0 1 1 1 0 1 1 1 0 1 }
 { 1 1 1 1 1 0 1 0 1 1 1 1 1 1 1 1 1 1 1 1 0 0 0 0 1 1 }
 { 1 1 1 1 0 1 1 1 0 1 1 1 1 0 0 0 0 1 1 1 0 0 0 0 0 0 }
 { 0 1 0 1 0 0 1 0 1 0 0 0 0 0 0 0 0 1 1 0 0 0 0 0 0 0 }
 { 0 1 0 0 0 0 1 1 0 0 0 0 0 0 0 1 0 1 1 1 0 1 0 1 0 0 }
 { 0 0 0 0 0 0 0 0 0 0 0 0 0 0 1 0 0 0 0 0 0 0 0 0 0 0 }
 { 0 0 0 0 0 0 0 0 0 1 0 0 0 0 0 0 0 0 0 0 0 0 0 0 0 0 }
 { 0 1 0 0 0 0 0 0 0 1 1 0 0 1 0 0 0 1 1 0 0 0 0 0 0 0 }
 { 1 1 0 0 0 0 1 1 1 1 1 1 1 0 1 1 0 1 1 1 0 0 0 0 1 1 }
 { 1 0 0 0 0 0 0 0 0 0 0 0 0 0 0 0 1 1 1 0 0 0 0 0 0 0 }
 { 0 0 0 0 0 0 0 0 0 0 0 0 0 0 0 0 0 0 0 0 0 0 0 0 0 0 }
 { 0 0 0 0 0 0 1 0 0 0 0 0 0 0 0 0 0 0 0 1 0 0 0 0 0 0 }
 { 0 0 0 0 0 0 0 0 0 0 1 0 0 0 0 0 0 1 1 1 0 0 0 0 0 0 }
 { 0 0 0 0 0 0 0 0 0 0 0 0 0 0 0 0 0 0 1 0 0 0 0 0 1 0 }
 { 0 0 0 0 0 0 0 0 0 0 0 0 1 0 1 0 0 1 1 1 0 0 0 0 0 0 }
 { 1 1 0 1 0 0 1 0 1 1 1 1 1 0 0 0 0 1 1 0 1 0 1 0 1 0 }
 { 0 1 0 0 0 0 0 0 0 0 0 0 0 0 0 0 0 0 0 0 0 0 0 0 0 0 }
 { 0 0 0 0 0 0 0 0 0 0 0 0 0 0 0 0 0 0 0 0 0 0 0 0 0 0 }
 { 0 0 0 0 0 1 0 0 0 0 0 0 0 0 1 0 0 0 0 0 0 0 0 0 0 0 }
 { 0 1 0 0 0 0 0 0 1 1 0 0 1 0 1 0 0 1 1 1 0 0 0 0 0 0 }
 { 0 0 0 0 0 1 1 1 0 1 0 0 0 0 1 0 0 0 1 0 0 0 0 0 0 0 }
 { 1 1 1 0 0 0 0 0 0 1 0 0 0 0 0 0 0 0 0 1 1 0 1 0 0 0 }
 { 1 1 1 1 0 1 1 1 1 1 1 1 1 0 1 1 0 1 1 1 0 0 1 0 1 0 }
 { 1 1 0 1 1 1 0 1 0 0 0 1 1 1 1 0 1 1 1 1 1 1 1 1 1 1 }
 { 0 0 0 1 0 0 0 0 0 0 0 0 0 0 0 0 0 1 1 1 0 0 0 0 0 0 }
 { 1 1 0 1 0 1 1 1 0 1 1 1 1 1 0 1 0 0 1 1 1 0 1 0 0 0 }
 { 1 1 0 1 1 1 1 1 1 1 0 0 1 0 1 1 0 1 1 1 1 0 1 0 1 0 }
 { 0 0 0 1 1 1 0 0 0 0 0 0 0 0 0 0 0 1 0 0 0 0 1 0 0 1 }
 { 1 1 0 1 0 0 1 1 1 1 1 1 1 0 1 1 0 1 1 1 1 0 1 0 1 0 }
 { 1 0 1 1 1 1 1 1 0 0 1 1 0 0 0 0 0 1 1 0 0 0 1 0 0 0 }
 { 0 1 0 0 0 0 1 0 0 0 0 0 1 0 1 1 0 0 0 0 0 0 0 0 1 0 }
 { 0 0 0 0 0 0 0 0 0 0 0 0 0 0 0 0 0 1 0 1 0 0 0 0 0 0 }
 { 0 0 0 0 0 0 1 0 0 0 0 0 0 0 0 0 0 0 0 0 0 0 0 0 0 0 }
 { 0 0 1 0 0 0 0 0 0 0 0 1 1 0 0 0 0 0 0 0 1 0 1 0 0 0 }
 { 0 0 0 0 0 0 1 1 0 0 0 0 0 0 0 0 0 0 0 0 0 0 0 0 0 0 }
 { 0 0 0 0 0 0 0 0 1 0 0 0 0 0 0 0 0 0 0 0 0 0 0 0 0 0 }
 { 0 1 0 1 1 1 0 0 0 0 1 1 0 0 0 0 0 0 0 0 0 0 0 1 0 0 }
 { 0 0 0 0 0 0 0 0 0 0 0 0 0 0 0 0 0 1 0 0 0 1 0 1 0 0 }
 { 0 0 0 0 1 0 0 0 0 0 0 0 0 1 0 0 0 1 0 1 0 0 0 0 0 0 }
 { 0 0 1 1 0 0 1 1 0 1 1 0 0 1 1 1 1 1 1 1 1 1 1 1 1 1 }
 { 0 0 0 0 0 0 0 0 0 0 0 0 0 0 0 0 0 1 1 1 0 1 0 1 0 0 }
 { 0 1 0 0 0 0 0 0 0 1 0 0 0 1 0 0 0 0 0 1 0 0 0 0 0 0 }
 { 0 1 0 0 1 1 0 0 0 0 0 0 0 0 0 0 0 1 1 1 0 0 0 0 0 0 }
 { 0 1 1 1 0 0 0 1 1 1 0 1 0 1 1 1 0 1 1 1 0 1 1 1 0 1 }
 { 0 0 0 0 1 0 1 0 0 1 0 0 1 1 0 1 1 1 1 1 0 1 1 1 1 0 }
 { 1 0 0 0 0 0 0 0 0 0 0 0 0 0 0 0 0 0 0 0 0 0 0 0 0 0 }
 { 0 0 0 0 0 0 0 0 0 1 0 0 0 0 0 0 0 1 0 1 0 1 0 1 1 0 }
 { 1 1 0 0 0 1 1 1 0 1 1 1 1 0 1 1 0 1 1 1 1 0 1 0 1 0 }
 { 1 0 0 0 1 0 0 0 1 1 1 1 0 0 1 1 1 1 1 1 1 0 1 0 1 1 }
 { 1 1 0 1 1 1 1 1 1 1 1 1 1 0 1 1 0 1 1 1 1 0 1 0 1 1 }



 [Entering function Reading_MacKenzie_Generic_Matrix_nFactors_from_File(...)]
 Reading File Kavratti_MacKenzie.dat...
End of Line: 10	 Tab Separator: 9
 A 156 species File (Kavratti_MacKenzie.dat)
 with 6 sampling times (No_of_TIMES) has been read successfully
 [Exiting function Reading_MacKenzie_Generic_Matrix_from_File(...)]

 Atoll Kavratti	 TOTAL No of TRANSECTS = 23
 No of SAMPLING TIMES = 6	 Time(No of Transects) = { 2001(3)  2002(4)  2003(4)  2011(4)  2012(4)  2013(4) }
 { 1 0 1 1 0 1 1 0 0 0 0 1 1 1 1 1 1 0 0 1 1 0 1 }
 { 1 1 1 1 1 1 1 1 1 1 1 1 1 1 1 1 1 1 1 1 1 1 1 }
 { 1 0 1 1 1 0 1 1 1 1 1 1 1 0 1 0 1 1 1 0 1 1 1 }
 { 1 0 1 1 1 1 0 1 1 1 1 0 0 0 1 0 0 0 0 1 1 1 1 }
 { 0 0 0 0 0 1 0 0 0 1 0 1 0 1 1 0 0 0 0 1 0 0 0 }
 { 0 0 1 0 0 1 1 0 0 0 0 0 0 0 1 0 0 0 0 0 0 0 0 }
 { 0 0 0 0 1 0 0 0 0 0 0 0 0 0 0 0 0 0 0 0 0 0 0 }
 { 0 0 0 0 1 1 1 1 0 1 1 1 1 1 0 1 0 1 0 1 1 1 0 }
 { 0 0 0 0 0 0 1 0 0 0 0 0 0 0 1 0 0 0 0 0 0 0 0 }
 { 0 0 0 0 0 0 0 0 0 0 0 0 0 0 0 0 0 0 0 0 0 0 0 }
 { 0 0 0 0 0 0 0 0 0 0 0 0 1 0 0 0 1 0 0 1 1 0 0 }
 { 0 0 0 0 1 1 1 1 1 1 1 0 0 0 0 0 0 1 0 1 0 1 0 }
 { 0 0 0 0 0 0 0 0 0 0 0 0 0 0 0 0 0 0 0 0 0 0 0 }
 { 0 0 0 0 0 0 0 0 0 0 0 0 0 0 0 0 0 0 0 0 0 0 0 }
 { 1 1 1 1 1 1 1 1 1 1 1 1 1 1 1 1 1 1 1 1 1 1 1 }
 { 0 0 1 0 0 0 0 0 0 1 0 1 1 1 1 0 0 0 1 0 0 0 1 }
 { 0 0 1 0 0 0 1 1 0 0 0 0 0 1 1 0 0 1 0 0 0 1 1 }
 { 0 0 0 1 0 0 1 0 0 0 1 1 0 0 1 0 0 1 0 0 0 1 1 }
 { 1 0 1 0 0 1 0 0 1 1 0 1 1 1 1 0 1 0 0 1 1 0 0 }
 { 0 0 0 0 1 1 0 1 1 1 0 0 0 0 0 0 0 0 0 0 0 0 0 }
 { 0 0 1 0 0 0 0 0 0 0 0 0 1 1 1 0 0 0 0 0 0 0 0 }
 { 1 0 1 0 1 0 0 1 1 1 0 0 0 0 0 0 0 0 0 0 0 1 0 }
 { 0 0 0 0 0 0 0 0 0 0 0 0 0 1 0 0 0 0 0 0 0 0 0 }
 { 0 0 1 0 0 0 0 0 0 1 0 0 0 0 0 0 0 0 0 0 0 0 0 }
 { 0 0 0 0 1 1 0 1 1 1 1 1 1 0 0 0 0 1 0 1 0 1 0 }
 { 0 0 0 0 0 0 0 0 1 1 0 0 1 0 1 0 0 0 0 0 0 0 0 }
 { 1 0 1 1 1 1 1 1 1 1 1 1 1 1 1 1 1 1 1 1 1 1 1 }
 { 0 0 0 0 0 1 1 0 0 1 0 0 0 1 0 0 0 0 0 0 0 0 0 }
 { 0 0 0 0 0 0 0 0 0 1 0 0 1 1 1 0 0 0 1 0 0 1 1 }
 { 0 0 0 0 1 0 1 1 1 1 0 1 1 1 1 1 0 0 0 1 0 0 0 }
 { 1 1 1 1 1 1 1 1 1 1 1 0 0 0 1 0 0 1 0 1 1 1 1 }
 { 0 0 0 1 0 0 0 0 1 0 0 0 1 1 1 0 0 0 0 0 0 0 0 }
 { 0 1 1 0 0 1 1 0 0 1 0 0 1 1 1 0 0 0 0 0 0 0 1 }
 { 1 0 1 0 1 1 1 1 1 1 1 1 1 1 1 1 1 0 0 1 1 0 0 }
 { 0 0 0 0 0 0 0 0 0 0 0 0 1 0 0 0 0 0 0 0 0 0 0 }
 { 1 0 0 0 1 0 0 0 1 1 1 1 1 1 1 1 0 1 0 1 0 1 0 }
 { 0 1 1 0 0 1 1 0 0 0 0 0 0 0 1 0 0 0 0 1 0 0 0 }
 { 1 0 0 0 1 0 0 1 1 1 1 1 1 0 0 1 0 1 0 1 0 1 0 }
 { 0 0 0 0 0 0 0 0 0 0 0 0 0 0 0 0 0 0 0 0 0 0 0 }
 { 0 0 0 0 0 0 0 0 0 1 0 0 0 0 0 0 0 0 0 0 0 0 0 }
 { 1 1 1 1 1 1 0 1 1 1 0 1 1 1 1 1 1 1 0 1 1 1 1 }
 { 0 0 0 0 0 0 0 0 0 0 0 0 0 0 0 0 0 0 0 0 0 0 0 }
 { 0 0 0 0 0 0 0 0 0 0 0 0 1 0 1 0 0 1 0 0 0 1 0 }
 { 0 0 0 0 0 0 0 0 0 0 0 0 0 0 0 0 0 0 0 0 0 0 0 }
 { 0 0 1 0 1 1 1 0 1 1 1 1 1 1 1 0 0 1 1 1 1 1 1 }
 { 0 1 0 0 0 0 0 0 0 0 0 0 0 1 0 0 0 0 0 0 0 0 0 }
 { 1 0 1 1 1 1 1 1 1 1 1 1 1 1 1 0 0 1 0 1 1 1 1 }
 { 1 0 0 0 1 0 1 0 0 0 0 0 0 0 0 0 0 0 0 0 0 0 0 }
 { 1 0 0 0 0 0 0 0 0 0 0 0 0 0 0 0 0 0 0 0 0 0 0 }
 { 0 0 0 0 0 0 0 0 0 0 0 0 1 0 1 0 0 0 0 0 0 0 1 }
 { 1 0 1 0 0 1 1 1 1 1 0 0 1 1 1 0 0 0 0 1 0 0 0 }
 { 0 0 0 0 0 0 0 0 0 0 0 0 0 0 0 0 0 0 0 0 0 0 0 }
 { 0 0 0 1 1 0 0 0 0 0 0 0 0 0 0 0 0 0 0 0 1 0 0 }
 { 0 1 1 0 1 1 0 1 1 1 0 1 1 1 1 1 1 1 0 1 1 1 1 }
 { 1 0 0 0 1 0 0 1 1 0 0 1 1 0 1 0 0 0 0 1 1 0 0 }
 { 0 0 0 0 0 0 0 0 1 0 0 0 1 0 0 1 1 0 1 1 1 0 1 }
 { 1 1 1 1 1 1 1 1 1 1 1 1 1 1 1 1 1 1 1 1 1 1 1 }
 { 0 0 0 0 0 0 0 0 0 0 0 0 0 0 0 0 0 0 0 0 0 0 0 }
 { 0 0 0 0 0 0 0 1 0 0 0 0 0 1 0 0 0 0 0 0 0 0 0 }
 { 1 0 0 0 1 0 0 1 1 1 1 1 1 0 0 0 0 1 1 1 0 1 1 }
 { 0 0 0 0 0 0 0 0 0 0 0 0 0 0 0 0 0 0 0 0 0 0 0 }
 { 0 0 0 0 0 0 0 1 0 0 0 0 0 0 0 1 0 0 0 1 0 0 0 }
 { 0 0 0 0 0 0 0 0 0 0 0 0 0 1 0 0 0 0 0 0 0 0 0 }
 { 0 0 0 0 0 1 0 0 0 0 0 0 1 0 0 1 0 0 0 1 0 0 0 }
 { 1 0 0 0 0 0 0 1 0 0 0 0 0 0 0 0 0 0 0 0 0 0 0 }
 { 1 0 1 1 1 1 1 1 0 1 0 0 0 1 1 1 1 1 0 1 1 1 0 }
 { 1 1 1 1 1 1 0 1 1 1 1 0 1 1 1 1 1 1 1 1 1 1 1 }
 { 0 0 0 0 1 0 0 1 0 1 0 0 1 0 1 0 0 0 0 1 0 1 0 }
 { 0 0 0 0 0 1 0 0 1 1 1 0 0 0 0 0 0 0 0 0 0 0 0 }
 { 1 1 1 1 1 1 1 1 1 1 1 1 1 1 1 1 1 1 1 1 1 1 1 }
 { 0 0 0 0 0 0 0 0 1 0 1 0 0 0 0 0 0 0 0 0 0 0 0 }
 { 0 0 0 0 0 0 0 0 0 0 0 0 0 0 0 0 0 0 0 0 0 0 0 }
 { 0 0 0 0 0 0 0 0 1 0 0 0 1 0 0 1 0 0 0 1 0 0 0 }
 { 1 0 0 1 1 0 0 1 1 1 1 1 0 0 1 0 0 1 0 0 0 1 0 }
 { 1 0 0 0 1 0 0 1 1 0 1 1 1 0 0 0 1 1 0 0 1 1 0 }
 { 0 0 1 0 0 1 1 1 1 1 1 1 1 1 1 1 1 1 1 1 1 1 1 }
 { 0 0 0 0 1 0 0 0 0 0 0 0 0 0 0 1 0 0 0 1 0 0 0 }
 { 0 0 0 0 0 0 0 0 0 0 0 0 0 0 0 0 0 0 0 0 0 0 0 }
 { 0 0 0 0 0 0 0 1 1 0 0 0 0 0 1 0 0 0 0 0 0 1 0 }
 { 1 0 0 0 0 0 0 0 0 0 0 0 0 0 1 0 0 0 0 0 0 1 1 }
 { 0 0 0 0 1 0 0 0 0 0 0 1 1 0 0 0 0 0 0 0 0 0 0 }
 { 0 0 0 0 0 0 0 0 0 0 0 0 0 0 0 0 0 0 0 0 0 0 0 }
 { 0 0 0 0 0 1 0 1 0 1 0 0 0 0 0 0 0 0 0 0 0 0 0 }
 { 0 0 0 0 1 1 1 0 0 1 0 1 1 1 1 1 0 0 0 1 0 0 0 }
 { 0 0 1 1 1 1 0 1 0 0 0 0 1 0 1 0 0 0 0 0 0 0 0 }
 { 1 0 0 0 1 1 0 1 0 1 0 1 1 0 0 0 0 0 0 0 0 0 0 }
 { 0 0 0 0 0 0 0 0 0 0 0 0 0 0 0 0 0 0 0 0 0 0 0 }
 { 0 1 0 0 0 0 0 1 1 1 0 0 1 1 1 0 0 0 0 0 0 0 0 }
 { 0 0 0 0 0 0 0 0 0 0 0 0 0 0 0 0 0 0 0 0 0 0 0 }
 { 1 1 1 1 1 1 1 1 1 1 1 0 1 1 1 1 1 1 1 1 1 1 1 }
 { 0 1 1 0 1 1 1 0 1 1 1 1 1 1 1 1 1 1 0 1 1 1 0 }
 { 0 0 1 0 0 0 0 0 0 0 0 0 0 0 0 0 0 0 0 0 0 0 0 }
 { 0 0 1 0 0 0 0 0 0 0 0 1 1 1 0 1 0 0 0 1 0 0 0 }
 { 0 0 0 0 0 1 0 0 0 1 1 1 1 1 1 0 1 0 1 0 1 0 1 }
 { 1 1 1 0 0 1 1 0 1 0 1 0 0 0 1 0 1 0 0 0 1 0 0 }
 { 0 0 0 0 0 1 0 1 0 1 0 1 1 1 1 1 0 1 0 1 1 1 0 }
 { 1 1 1 1 1 1 1 1 1 1 1 1 1 1 1 1 1 1 1 1 1 1 1 }
 { 1 0 0 0 0 1 0 0 1 1 0 1 1 0 1 0 1 0 1 0 1 0 1 }
 { 0 0 0 0 0 0 0 0 0 0 0 1 0 0 1 0 0 0 0 0 0 0 0 }
 { 1 1 1 1 1 1 1 1 1 1 1 1 1 1 1 1 1 0 0 1 1 1 0 }
 { 0 0 0 0 0 0 0 0 0 0 0 0 0 0 0 0 0 0 0 0 0 0 0 }
 { 0 1 1 0 0 0 0 0 0 0 1 0 0 1 1 1 1 0 0 1 1 0 0 }
 { 0 1 0 0 0 0 0 0 0 0 0 0 0 0 0 0 0 0 0 0 0 0 0 }
 { 0 0 0 0 0 0 0 0 0 1 0 0 0 0 1 0 0 0 0 0 0 0 0 }
 { 0 0 0 0 0 0 1 0 0 0 0 0 0 0 0 0 0 0 0 0 0 0 0 }
 { 0 1 0 0 0 0 0 0 0 0 0 0 0 0 0 0 0 0 0 0 0 0 0 }
 { 0 1 1 0 0 0 0 1 1 1 1 0 1 0 1 0 0 0 1 0 0 1 1 }
 { 0 1 1 1 0 1 1 0 1 1 1 1 1 0 1 0 0 0 1 1 0 0 1 }
 { 1 1 1 1 1 1 1 1 1 1 1 1 1 1 1 0 1 0 0 0 1 0 0 }
 { 1 0 1 0 0 1 0 0 1 0 0 0 0 0 1 0 0 0 0 0 0 0 0 }
 { 0 0 0 0 0 0 0 0 0 0 0 1 1 1 1 0 0 0 0 1 0 0 0 }
 { 0 0 1 0 0 0 0 0 0 0 0 0 0 0 0 0 0 0 0 0 0 1 0 }
 { 0 0 0 0 0 0 0 0 0 0 0 0 0 1 1 0 1 0 0 0 1 0 0 }
 { 0 1 0 0 0 1 0 0 0 0 0 0 0 0 0 0 0 0 0 0 0 0 0 }
 { 1 0 1 1 1 1 0 1 0 0 0 1 1 0 1 1 0 0 0 1 0 1 0 }
 { 0 0 0 1 0 1 0 1 0 0 0 0 1 0 0 1 0 1 0 1 0 1 0 }
 { 0 0 0 0 0 0 0 0 0 0 0 0 0 0 0 0 0 0 0 0 0 0 0 }
 { 0 0 0 0 0 0 0 0 0 0 0 1 0 0 0 0 0 0 0 0 0 0 0 }
 { 1 0 1 0 0 0 0 0 1 0 0 0 0 1 0 0 0 0 0 0 0 0 0 }
 { 0 0 0 0 0 0 0 1 1 1 1 1 1 1 1 0 1 1 0 1 1 1 1 }
 { 0 0 0 0 0 0 0 0 0 0 0 0 1 0 1 0 0 1 0 0 0 1 0 }
 { 1 1 1 1 1 1 1 1 1 1 1 0 1 1 1 0 1 1 0 1 1 1 1 }
 { 0 0 0 0 0 0 0 0 0 0 0 0 0 0 0 0 0 0 0 0 0 0 0 }
 { 0 0 1 0 0 1 1 0 0 0 0 0 0 0 0 0 0 0 0 0 0 0 0 }
 { 1 0 0 0 0 0 0 0 0 0 0 0 0 0 0 1 1 1 0 1 1 1 0 }
 { 0 0 0 0 1 0 0 0 0 0 0 0 1 0 1 0 0 0 0 0 0 0 0 }
 { 0 0 0 1 1 1 0 0 1 1 0 0 0 0 0 0 0 0 0 0 0 0 0 }
 { 0 0 1 0 1 1 1 0 0 0 0 0 0 0 1 0 0 0 0 0 0 0 0 }
 { 1 1 1 1 1 1 1 1 1 1 1 0 1 1 1 0 1 1 1 1 1 1 1 }
 { 1 0 0 0 1 0 1 0 0 0 0 1 1 0 0 0 0 1 1 1 0 1 1 }
 { 0 0 0 0 0 0 0 0 0 0 0 1 0 0 0 0 0 0 0 0 0 0 0 }
 { 0 0 1 0 1 0 0 1 1 1 1 1 0 1 1 0 1 0 0 1 1 1 0 }
 { 1 0 1 0 1 1 1 1 0 1 1 1 1 1 1 1 0 1 0 1 0 1 1 }
 { 0 0 0 0 0 0 0 0 0 0 0 0 0 0 1 0 0 0 0 1 0 0 0 }
 { 1 1 1 1 1 0 1 1 1 1 1 0 1 1 1 1 0 0 0 1 0 0 0 }
 { 1 1 1 1 1 0 1 1 1 1 1 0 0 0 1 0 0 0 0 1 0 1 1 }
 { 1 0 1 0 0 0 1 0 1 1 1 0 0 0 0 0 0 0 0 0 1 0 0 }
 { 0 0 0 0 0 0 0 0 0 0 0 0 0 0 0 0 0 0 0 0 0 0 0 }
 { 0 0 0 0 1 0 0 1 0 0 0 0 0 0 0 1 1 1 0 1 1 1 0 }
 { 1 0 0 1 1 0 1 1 1 0 1 0 1 0 1 0 0 0 0 0 1 1 0 }
 { 1 0 0 1 1 1 1 1 0 0 0 1 0 1 0 0 0 1 0 0 0 1 0 }
 { 0 0 0 0 0 0 0 0 0 0 0 0 0 0 1 0 0 0 0 0 0 0 0 }
 { 0 0 1 0 0 1 0 0 0 0 0 0 0 0 0 0 0 0 1 0 0 0 1 }
 { 0 0 1 0 0 0 0 0 0 0 0 0 0 0 0 0 0 0 1 0 0 0 1 }
 { 0 0 0 0 0 0 0 0 0 0 0 0 1 0 0 0 0 0 0 0 0 0 0 }
 { 0 0 1 0 0 1 0 1 1 1 1 1 1 1 1 1 1 0 0 1 1 1 0 }
 { 0 0 0 0 1 1 0 0 0 0 0 0 0 0 0 0 0 0 0 0 0 0 1 }
 { 0 0 0 0 0 0 0 0 0 0 0 0 0 0 0 0 0 0 0 0 0 0 0 }
 { 1 0 0 0 0 0 0 0 0 0 0 1 1 0 1 1 1 0 1 1 1 0 1 }
 { 0 1 1 0 0 1 1 1 1 0 1 0 1 0 1 0 0 0 0 0 0 0 1 }
 { 0 0 0 0 0 1 1 0 0 1 1 0 0 1 1 1 0 0 0 1 0 0 0 }
 { 0 0 0 0 0 0 0 1 0 0 0 1 0 0 0 0 0 0 0 0 0 0 0 }
 { 0 0 0 0 0 1 0 0 0 0 0 0 0 0 1 0 0 0 0 0 0 0 1 }
 { 1 1 1 1 1 1 1 1 1 1 1 1 1 1 1 0 1 1 1 1 1 1 1 }
 { 1 1 0 0 0 0 1 1 1 0 0 0 1 0 0 1 0 0 0 1 1 0 0 }
 { 0 0 0 1 1 1 1 0 1 1 1 0 0 1 1 1 0 0 0 1 0 0 0 }


 Parameter Space Boundaries for heuristic searches:
 Full potential dimension is 4: the colonization-extinction plane
 ---> Parameter Key 0: [C_0 = 0, C_1 = 10]
 ---> Parameter Key 1: [E_0 = 0, E_1 = 10]
 ---> Parameter Key 2: [D_0 = 0.01, D_1 = 0.99]
 ---> Parameter Key 3: [P_0 = 0.01, P_1 = 0.99]
Number of Columns: 27
 Data structure for the 0-th elemental group (Agatti) is done

 Data structure for the 1-th elemental group (Kadmath) is done

 Data structure for the 2-th elemental group (Kavratti) is done

 Group 0 (Agatti):  NLL (Col = 0.325357, Ext = 0.20063, Dtc = 0.495747, P_0 = 0.514111) = 2200.8
 Group 1 (Kadmath):  NLL (Col = 0.397846, Ext = 0.244837, Dtc = 0.494557, P_0 = 0.602116) = 2245.05
 Group 2 (Kavratti):  NLL (Col = 0.334567, Ext = 0.192532, Dtc = 0.542914, P_0 = 0.579855) = 1941.94
 About to enter the upgma clustering algorithm...
 Just out from the upgma clustering algorithm...
Partition: 0-th: Group 0-th: NLL (C = 0.35078, E = 0.215078, D = 0.511296, P = 0.565679) = 6395.98
Partition: 1-th: Group 0-th: NLL (C = 0.328608, E = 0.199545, D = 0.520039, P = 0.546033) = 4147.6
Partition: 1-th: Group 1-th: NLL (C = 0.397846, E = 0.244837, D = 0.494557, P = 0.602116) = 2245.05
Partition: 2-th: Group 0-th: NLL (C = 0.325357, E = 0.20063, D = 0.495747, P = 0.514111) = 2200.8
Partition: 2-th: Group 1-th: NLL (C = 0.334567, E = 0.192532, D = 0.542914, P = 0.579855) = 1941.94
Partition: 2-th: Group 2-th: NLL (C = 0.397846, E = 0.244837, D = 0.494557, P = 0.602116) = 2245.05
 Partition 0-th: Number of estimated parameters: 2
{ Agatti Kadmath Kavratti } 
 NLL = 6395.98	 AIC = 12800	AIC (corrected) = 12800	 AIC_d = 0.336977	 AIC_w = 0.37132
 Partition 1-th: Number of estimated parameters: 4
{ Kavratti Agatti } { Kadmath } 
 NLL = 6392.64	 AIC = 12801.3	AIC (corrected) = 12801.3	 AIC_d = 1.68532	 AIC_w = 0.189217
 Partition 2-th: Number of estimated parameters: 6
{ Agatti } { Kavratti } { Kadmath } 
 NLL = 6387.79	 AIC = 12799.6	AIC (corrected) = 12799.6	 AIC_d = 0	 AIC_w = 0.439463

End of progam
